"","X1D01","X1D02","X1G02","X1G03","X1G04","X1P02","X1S01","X1S02","X1S03","X1W01","X1W02","X1W03","X1W04","X2D01","X2D02","X2D03","X2D04","X2G01","X2G02","X2G04","X2P01","X2P02","X2P03","X2P04","X2S01","X2S02","X2S03","X2S04","X2W01","X2W02","X2W03","X2W04","X3D01","X3D03","X3D04","X3G01","X3G02","X3G03","X3G04","X3P01","X3P02","X3P03","X3P04","X3S01","X3S02","X3S03","X3S04","X3W01","X3W02","X3W03","X3W04","X4D01","X4D03","X4D04","X4G01","X4G03","X4G04","X4P01","X4P02","X4P03","X4P04","X4S01","X4S03","X4S04","X4W01","X4W02","X4W04","X5D01","X5D02","X5D03","X5D04","X5G01","X5G02","X5G03","X5G04","X5P01","X5P02","X5P03","X5P04","X5S01","X5S02","X5S03","X5S04","X5W01","X5W03","X5W04"
"X1D01",0,0.728069095430985,0.814821089726213,0.82089552238806,0.798657718120805,0.880645579046201,0.839229349056042,0.833723653395785,0.83885306546183,0.743505398110661,0.771878418502891,0.74468085106383,0.776078030690053,0.73143963232069,0.715083798882682,0.781306003584229,0.813529411764706,0.875534266764923,0.812183613166273,0.83955223880597,0.829582599949711,0.834963230750216,0.865993039462427,0.842561548041,0.839724770642202,0.855529737882679,0.842592592592593,0.859397408634588,0.807831661092531,0.810127410198048,0.862850029789769,0.808436503817926,0.838165266106443,0.869369369369369,0.776080534825871,0.863706726709823,0.863787375415282,0.858064986309356,0.868877449020392,0.868421052631579,0.864220933690158,0.877952755905512,0.86552812858783,0.872586872586873,0.874564459930314,0.882352941176471,0.880267828698858,0.852298850574713,0.850806451612903,0.863905325443787,0.84161802633365,0.718918918918919,0.759277585353785,0.740157480314961,0.800641025641026,0.810526315789474,0.77099088366311,0.848331648129424,0.801587301587302,0.83231673299364,0.849848495779525,0.80297500552975,0.869687339496662,0.847621547407527,0.803605794932107,0.8,0.753125488357556,0.86,0.853279666070364,0.840277777777778,0.846153846153846,0.866184010882645,0.843056366087779,0.815713555360795,0.836065573770492,0.858769363739113,0.858859617466619,0.868734335839599,0.869810857283223,0.878627123363965,0.874156667878641,0.875816993464052,0.850701720962723,0.849102282244556,0.807572861920688,0.846153846153846
"X1D02",0.728069095430985,0,0.889705882352941,0.870402404612931,0.82186799501868,0.772890779867524,0.847242891441951,0.671026849332815,0.665037608412004,0.791245791245791,0.801381795618348,0.8,0.671779141104294,0.665201778385773,0.718494824149682,0.706563079777366,0.723883507164743,0.791711858279103,0.70843989769821,0.776486495509632,0.842026474769012,0.794593607305936,0.808840048840049,0.783518538693394,0.829608938547486,0.843840317919075,0.850373134328358,0.824815702993161,0.759139784946236,0.743489406722188,0.788819875776398,0.734112935792166,0.846714239432537,0.886667994225121,0.793052931350804,0.811278354886581,0.799761336515513,0.818815434430653,0.808219178082192,0.874163094435922,0.866666419855467,0.880203562340967,0.876420637995609,0.874846437346437,0.873127654817796,0.888176200389941,0.871004232958692,0.848396501457726,0.822972291823422,0.8801261829653,0.803089954664758,0.681063122923588,0.813997503595365,0.833935018050542,0.822634036093006,0.789146779993462,0.765625,0.887537993920973,0.881931643625192,0.879032929520003,0.90506329113924,0.88636585962338,0.9,0.880068493150685,0.797564546920468,0.868613138686131,0.821488696488696,0.883361577931554,0.905524475524476,0.858585858585858,0.901234260687802,0.829238106737503,0.833806852576779,0.836569884364002,0.829230419633389,0.91005876445866,0.900155763239875,0.915857605177994,0.901785714285714,0.899122619485373,0.884097035040431,0.919408962979,0.891102201391046,0.843940270545775,0.858075162354945,0.86687306501548
"X1G02",0.814821089726213,0.889705882352941,0,0.726190476190476,0.759437321937322,0.937639198218263,0.828241604477612,0.911329511329511,0.9071700823068,0.803418803418803,0.784133271202237,0.771256454388985,0.850004156160816,0.884360599078341,0.860759493670886,0.88247201714694,0.899640287769784,0.909232954545454,0.871030414849603,0.857758620689655,0.864516129032258,0.861041328013398,0.9161182074042,0.882016165244724,0.905511160099201,0.907040284661329,0.835443037974683,0.883534136546185,0.889108476064998,0.872695658045783,0.915819851702056,0.868264905732606,0.87025012025012,0.888268156424581,0.890909090909091,0.887813893627847,0.888675213675214,0.893184102578034,0.895029311187103,0.901897979858173,0.906919788215974,0.924307530279094,0.893620562130177,0.900943396226415,0.91582028613848,0.919431279620853,0.926965188096575,0.865030674846626,0.882202111613876,0.872,0.887445887445887,0.890576496674058,0.853436880370126,0.82861509835194,0.752293577981651,0.789485359361136,0.782894736842105,0.863269794721408,0.769230769230769,0.8515625,0.827868852459016,0.79244535951853,0.895129615082482,0.854623154623155,0.831033498287019,0.736842105263158,0.79646017699115,0.861702127659574,0.841052631578947,0.842864923747277,0.810810810810811,0.890350877192982,0.873254924459744,0.832633053221288,0.863627465374639,0.875,0.878154825026511,0.867924528301887,0.875,0.893636363636364,0.900276243093923,0.862951496388029,0.885605234460196,0.887691822577255,0.851401084710744,0.873604201216142
"X1G03",0.82089552238806,0.870402404612931,0.726190476190476,0,0.739483916578296,0.921312455175711,0.832795698924731,0.889156752486291,0.878579451220792,0.793355119825708,0.803737246360197,0.790412528647823,0.831796941376381,0.870535714285714,0.842105263157895,0.859813541317231,0.883301952490263,0.893349391141443,0.840304182509506,0.843881856540084,0.863271344040575,0.85023090510545,0.910092281962709,0.867053826045627,0.890511727078891,0.892857142857143,0.826702618916912,0.876223938223938,0.865806835388276,0.855710843373494,0.895279209023813,0.850101214574899,0.874285714285714,0.898963034601332,0.887119193791266,0.875912408759124,0.882247899159664,0.88475373547316,0.884134248665141,0.900743805723856,0.914429289303661,0.925438596491228,0.897512285012285,0.906981118555408,0.916190172118538,0.921052631578947,0.927536231884058,0.858372613913683,0.877828054298643,0.876761961485011,0.883627533389372,0.875675675675676,0.851851851851852,0.841613379242499,0.75,0.778831946496617,0.754438491438176,0.873304547801192,0.810940594059406,0.867647058823529,0.855017147914592,0.814623902252768,0.910300618921309,0.856601731601732,0.823170731707317,0.8,0.784869675778767,0.87609649122807,0.863157894736842,0.866927083333333,0.859906542056075,0.880952380952381,0.871210574665714,0.849812030075188,0.863775784065639,0.902029343205814,0.899280575539568,0.897130647130647,0.887041942604856,0.904304029304029,0.904761904761905,0.888409961685824,0.902597402597403,0.876831785345717,0.862457130213519,0.867295597484277
"X1G04",0.798657718120805,0.82186799501868,0.759437321937322,0.739483916578296,0,0.902360786806122,0.788170163170163,0.829088889411322,0.848970251716247,0.708333333333333,0.728632242370632,0.741801075268817,0.788639324936403,0.837117346938776,0.828803143557775,0.821286505720857,0.835715379511,0.866765285996055,0.814260166722992,0.806507019814796,0.823852617970265,0.815315315315315,0.861322260651439,0.830906491581065,0.884093915343915,0.890692640692641,0.823223039215686,0.850002057867226,0.841410427807487,0.836032677871003,0.883915295885308,0.821110257395313,0.860275124647084,0.889144905273938,0.851566951566952,0.850336277449153,0.836331284373989,0.861830330509486,0.842906388758889,0.891155902920609,0.885391827991755,0.906640726329442,0.88191234053303,0.896414342629482,0.898147512864494,0.90983606557377,0.912457912457913,0.854166666666667,0.86864406779661,0.860759493670886,0.869309262166405,0.820852402745995,0.828696646341463,0.833333333333333,0.727606951871658,0.741657417684055,0.738744588744589,0.868431855500821,0.803495115995116,0.857625482625483,0.870858020627606,0.824264705882353,0.903030303030303,0.868993135011442,0.823529411764706,0.79646017699115,0.801882536297269,0.868732798851263,0.850877192982456,0.829072721498889,0.871794871794872,0.864864864864865,0.854720697903475,0.826923076923077,0.839642857142857,0.898089171974522,0.902911604524508,0.905453295250185,0.878612716763006,0.906163674033149,0.903669724770642,0.902620356862305,0.893491124260355,0.861191393705845,0.860006235802414,0.872779821334735
"X1P02",0.880645579046201,0.772890779867524,0.937639198218263,0.921312455175711,0.902360786806122,0,0.830602006688963,0.683440724196545,0.615384615384615,0.871687370600414,0.884906487847664,0.892577837524899,0.813722775932078,0.856088070996007,0.869826883910387,0.846614873994008,0.838765583943646,0.838839540803075,0.785014393620951,0.857641559853814,0.833848113561228,0.823415191319246,0.856344681046211,0.817272249422297,0.855327329990215,0.845472864311871,0.859250992063492,0.836007130124777,0.812280701754386,0.813974017760679,0.829340881655478,0.827525497814473,0.874245423959383,0.898888143061221,0.842106557377049,0.849151417464682,0.854287996272755,0.846422338568935,0.847827546089136,0.861328125,0.846153846153846,0.843519801369017,0.866732935719019,0.858195386702849,0.862728481222998,0.860356277010646,0.848112038184745,0.867073071773441,0.857542655014565,0.895873106310244,0.838476108905836,0.859470468431772,0.910594961325321,0.921286848769454,0.889848812095032,0.867139441968786,0.844262295081967,0.847788990488106,0.906248286245594,0.889129910821885,0.868473819612591,0.914148597573105,0.840386247877759,0.872767145135566,0.853095326180787,0.923253189143787,0.886021505376344,0.919213973799127,0.935195449824225,0.910891352764598,0.922814087962152,0.852517252424075,0.86910478731288,0.859291206306132,0.87562890930021,0.879787580811648,0.886532128911522,0.898230088495575,0.878305918400258,0.874226804123711,0.844027290448343,0.919301976006317,0.874472536277041,0.85625,0.877969984091662,0.863056463428378
"X1S01",0.839229349056042,0.847242891441951,0.828241604477612,0.832795698924731,0.788170163170163,0.830602006688963,0,0.798132450042494,0.790645879732739,0.776470588235294,0.76875,0.8322364148084,0.835341365461847,0.878182491502334,0.872339712062953,0.85621959113784,0.86502466764584,0.862993729781541,0.84531355294899,0.841072316975163,0.751262626262626,0.797236586942469,0.87055582563604,0.810996563573883,0.819193892399386,0.81179289916485,0.755434272300469,0.821233426072136,0.841504053317953,0.835260963054669,0.876903749516815,0.841584158415842,0.85057301137565,0.883477011494253,0.852457757296467,0.869702621014047,0.860800458809553,0.861586840832124,0.869088375796178,0.844209069618906,0.817805187675839,0.831063142969198,0.823094755143437,0.83820310124658,0.852579635519208,0.850598559641341,0.855704697986577,0.855538555691554,0.863884935694708,0.860051813471503,0.860104059762763,0.876126491840546,0.879518072289157,0.889229720518064,0.824555403556771,0.816663264611826,0.827102803738318,0.721365554276947,0.802122105670228,0.76969696969697,0.734333784843516,0.765529058974725,0.7125,0.754777845404747,0.827426999955283,0.848949961109671,0.81896124492021,0.888217025940811,0.866207266869518,0.83171344784248,0.856087856987138,0.861359538406058,0.857749603231857,0.84224828375286,0.850373134328358,0.802325581395349,0.833333333333333,0.80843210865989,0.80327868852459,0.811269738265196,0.797297297297297,0.838382006167241,0.807491987179487,0.855721393034826,0.835679845708775,0.847413024085638
"X1S02",0.833723653395785,0.671026849332815,0.911329511329511,0.889156752486291,0.829088889411322,0.683440724196545,0.798132450042494,0,0.519125936887228,0.811985639326153,0.834894690653796,0.861497585606244,0.738378072611334,0.801210928908331,0.838917875209216,0.738790741507792,0.716681870633733,0.735454353115413,0.709268058664961,0.752302708773341,0.80865005192108,0.75373141113945,0.737466759739396,0.72893920902464,0.823226945859846,0.833157152924595,0.818956442831216,0.768172888015717,0.744097188583829,0.742,0.761697177262797,0.752219961330963,0.858974358974359,0.869215291750503,0.837807714673386,0.776961534017143,0.7519765625,0.790065792248324,0.762887358583374,0.853977687626775,0.844195924868919,0.848926290028995,0.860772826312982,0.848690449311357,0.830242292189442,0.852969621117306,0.836065573770492,0.84056429754555,0.810258838383838,0.88162270175724,0.79725752482694,0.824618364092048,0.896835742415242,0.903415649278579,0.828571428571429,0.784017327861377,0.772367610837438,0.843051086082059,0.899638516161486,0.868965517241379,0.854821825559561,0.890623645473932,0.838972942944906,0.871043199085222,0.82209735083812,0.91155558028263,0.848343310007588,0.898485921246119,0.919947911312155,0.884749254540526,0.919902912621359,0.80629438796825,0.822076877097798,0.843480871504546,0.841163310961969,0.881812223320583,0.887640449438202,0.896751302924581,0.871211837247222,0.880436426896604,0.858940805340977,0.915315286212689,0.878348481224587,0.844419193459826,0.877293771043771,0.871680376028202
"X1S03",0.83885306546183,0.665037608412004,0.9071700823068,0.878579451220792,0.848970251716247,0.615384615384615,0.790645879732739,0.519125936887228,0,0.822544159047311,0.844866588604599,0.863684348739496,0.734309623430962,0.802348561448663,0.837614097363083,0.738229755178908,0.74345055848963,0.76206953957382,0.703139372342814,0.76122323801735,0.814775828460039,0.764883061658398,0.779705234524512,0.736637442370191,0.830877854615009,0.827308362369338,0.815547326729271,0.791587472398468,0.756654377213909,0.750702779252965,0.770764119601329,0.756529941662142,0.858012345679012,0.870873537474218,0.829654531782191,0.764918625678119,0.761948690915481,0.775862409707606,0.760000528953598,0.856588608664626,0.83484595223992,0.835410973456514,0.853908794098591,0.844168616554548,0.832278855834337,0.8460056321328,0.827588478667615,0.843497446576429,0.815610127546164,0.877572055108423,0.804855381267567,0.835961963732862,0.897958658988071,0.907344514468402,0.829664958697217,0.786480859668274,0.756696962449175,0.834452103137061,0.893023255813953,0.871767001114827,0.854945054945055,0.898981621777627,0.832964195238119,0.863169719474522,0.827995981001096,0.9071700823068,0.853982300884956,0.897207817511465,0.930232180812227,0.893335111822507,0.917809076682316,0.785714285714286,0.816266032104541,0.833518107908352,0.827008644958768,0.865342163355408,0.885900003709061,0.889017192712343,0.868869490099798,0.867160605376101,0.831991902834008,0.916666243944505,0.874211625096143,0.848006487541371,0.869418860272519,0.866044084027089
"X1W01",0.743505398110661,0.791245791245791,0.803418803418803,0.793355119825708,0.708333333333333,0.871687370600414,0.776470588235294,0.811985639326153,0.822544159047311,0,0.694160997732426,0.717850581751378,0.733478893740902,0.830738946093277,0.802483974358974,0.815835940462647,0.821788111217642,0.858997299401892,0.803032707896378,0.816979036117124,0.822225204998048,0.803673640167364,0.861973459421215,0.825478950579622,0.853979265878849,0.852457757296467,0.809413067552602,0.847788476004212,0.815256264302388,0.808587449112835,0.874331550802139,0.813586692569208,0.847278911564626,0.886716224951519,0.836541130748589,0.856453778189425,0.841023333021603,0.869281045751634,0.855325689093814,0.883126630016699,0.873665382498624,0.901767793731666,0.879718660968661,0.890434451219512,0.887734969149089,0.900596028584076,0.899022801302932,0.845755813953488,0.85685828116107,0.853382940609067,0.848267287020696,0.816375825692596,0.822531728256812,0.826086956521739,0.756330128205128,0.764108500618275,0.757094757094757,0.856748224151539,0.829014396456257,0.842767295597484,0.856732348111658,0.8125,0.882815892314373,0.853047034764826,0.795576735092864,0.803099198276894,0.771618118041787,0.868693284936479,0.855536231884058,0.828486423064029,0.87218045112782,0.867402865205123,0.845101701951017,0.827380952380952,0.838625672043011,0.893153277654269,0.888264669163546,0.89776253470521,0.882352941176471,0.888039987568632,0.893711165505555,0.9,0.886486486486486,0.859375,0.847058823529412,0.857142857142857
"X1W02",0.771878418502891,0.801381795618348,0.784133271202237,0.803737246360197,0.728632242370632,0.884906487847664,0.76875,0.834894690653796,0.844866588604599,0.694160997732426,0,0.712121212121212,0.775784753363229,0.81892697466468,0.806707057823129,0.816546762589928,0.830479150782945,0.84626969416126,0.816259492406075,0.813497377085335,0.811526223392583,0.81104158401558,0.858858858858859,0.823529411764706,0.841519325452987,0.856147717484927,0.804442808051056,0.841418923623199,0.818976603848246,0.809527005261462,0.869916309690882,0.811808118081181,0.850493907275218,0.884525942993685,0.837629893427592,0.852511559478773,0.845752223023312,0.865892441987981,0.851485148514851,0.878787878787879,0.87304485907106,0.890226019318435,0.867159707919865,0.880165289256198,0.887124869357488,0.89320232503126,0.896013552479816,0.833333333333333,0.848859543817527,0.848946906537955,0.840060094201722,0.814814814814815,0.816,0.823303167420814,0.78770897103838,0.772233201581028,0.797872340425532,0.844569481726203,0.801652892561983,0.832256450873317,0.849848495779525,0.810131091479054,0.869810857283223,0.842285508291276,0.792451459132659,0.780701754385965,0.789135227829495,0.873153162626847,0.847457627118644,0.821963824289406,0.853437383872166,0.858168923275306,0.835748792270531,0.829318394024276,0.833809523809524,0.874285714285714,0.8712715855573,0.877485187623437,0.865921787709497,0.881062558575445,0.876744789975979,0.882352941176471,0.870322366234629,0.848167539267016,0.834918971216641,0.852609876294881
"X1W03",0.74468085106383,0.8,0.771256454388985,0.790412528647823,0.741801075268817,0.892577837524899,0.8322364148084,0.861497585606244,0.863684348739496,0.717850581751378,0.712121212121212,0,0.747619047619048,0.817177795031056,0.778792109033467,0.824198759184607,0.852832419379182,0.889055222887558,0.828845556361054,0.85964311792625,0.831428011497256,0.831796941376381,0.892638036809816,0.84402446252492,0.870364010989011,0.863978985838282,0.828348214285714,0.869316877152698,0.843688810692698,0.826661247713879,0.884931506849315,0.833333333333333,0.87,0.890273631840796,0.841530054644809,0.876019245917694,0.871437505583847,0.888501742160279,0.875426700686216,0.893518518518519,0.874113955483318,0.90927796483352,0.883787892075185,0.897477445913988,0.906936616434158,0.907949790794979,0.90525744722825,0.857909117054932,0.873893458676067,0.861019131714496,0.864647965514989,0.793790901835595,0.789473684210526,0.796206400575333,0.763569153092505,0.778462063215341,0.790829063198003,0.866666666666667,0.79646017699115,0.852629764601596,0.864864864864865,0.813942391115738,0.886371308016878,0.848920863309353,0.809935908421017,0.762886597938144,0.792980295566503,0.866404199475066,0.85981308411215,0.83783542039356,0.839134382566586,0.886685641998735,0.858538212311797,0.8322364148084,0.849279800767315,0.891156462585034,0.875431034482759,0.887270994387377,0.891882599884192,0.899389676603029,0.895936468646865,0.884113046044864,0.886371308016878,0.866472868217054,0.842285508291276,0.868660714285714
"X1W04",0.776078030690053,0.671779141104294,0.850004156160816,0.831796941376381,0.788639324936403,0.813722775932078,0.835341365461847,0.738378072611334,0.734309623430962,0.733478893740902,0.775784753363229,0.747619047619048,0,0.782173363549203,0.792898717629482,0.786740762892079,0.803573045919754,0.841915140246982,0.774102423911063,0.814024390243902,0.828724559023067,0.797467720447556,0.850801007188994,0.80058651026393,0.851912768031189,0.836879432624113,0.843244578501222,0.848009757358405,0.797670910107979,0.776641091219096,0.844691975789537,0.792284866468843,0.853793013555787,0.885245901639344,0.821172703622173,0.833787587354162,0.825349832128202,0.847389284741437,0.838398137902087,0.882352941176471,0.874374228308452,0.891185431380695,0.88173877274487,0.885071301247772,0.89010989010989,0.896347078686176,0.8866134089891,0.847941312029498,0.847722567287785,0.872762916587618,0.835260115606936,0.777568134171908,0.835261049366761,0.853434772879839,0.778019323671498,0.783723127805339,0.74015503875969,0.861167800453515,0.85,0.870639338731444,0.859437751004016,0.862699509865527,0.8777949433536,0.866961651917404,0.807549857549858,0.844390345509933,0.809422921711057,0.879267026578073,0.89534632034632,0.87804446193193,0.882491024578846,0.848355554099649,0.840275852091195,0.83650893985913,0.846743295019157,0.886874019351464,0.886075949367089,0.884189715466539,0.895761194029851,0.892718731650029,0.886887290477266,0.898413281122532,0.882827804623221,0.860112921669526,0.858921161825726,0.859924242424242
"X2D01",0.73143963232069,0.665201778385773,0.884360599078341,0.870535714285714,0.837117346938776,0.856088070996007,0.878182491502334,0.801210928908331,0.802348561448663,0.830738946093277,0.81892697466468,0.817177795031056,0.782173363549203,0,0.58049972157856,0.683812758633317,0.737430167597765,0.828947142489197,0.767045454545454,0.794642857142857,0.857651245551601,0.809892399136135,0.83816425120773,0.797752365619402,0.863205681053923,0.874607903871304,0.854166666666667,0.835617055462538,0.732142857142857,0.724052463990544,0.784071986678622,0.71044776119403,0.82771251736769,0.882170259408111,0.71969696969697,0.815344291125541,0.837365853658537,0.845751517803424,0.828912186884323,0.885093167701863,0.889230769230769,0.902366009295974,0.887014745369317,0.881913563976771,0.880636604774536,0.899399263963054,0.890041507665529,0.828974308974797,0.825,0.879075766509434,0.78698224852071,0.597020626432391,0.76315909975502,0.799065420560748,0.833001328021248,0.812173344947735,0.804311924238124,0.899459727584728,0.899562484476796,0.882121352477999,0.893256061966771,0.884282308059132,0.912727272727273,0.88508326827999,0.75283034989533,0.86461014041266,0.789142867106043,0.873417721518987,0.869054909165136,0.826811974789916,0.883177570093458,0.843925225835025,0.842733353602919,0.852713178294574,0.84161802633365,0.909590627341462,0.902854405017713,0.918863763536421,0.890331232028312,0.908765526956076,0.893090236061954,0.919831223628692,0.903285765679338,0.84469696969697,0.849206349206349,0.862531969309463
"X2D02",0.715083798882682,0.718494824149682,0.860759493670886,0.842105263157895,0.828803143557775,0.869826883910387,0.872339712062953,0.838917875209216,0.837614097363083,0.802483974358974,0.806707057823129,0.778792109033467,0.792898717629482,0.58049972157856,0,0.708329814825985,0.776235567579926,0.855656573856103,0.790994456854472,0.822916666666667,0.832579185520362,0.812387184115523,0.876344086021505,0.820387129210659,0.862670258943272,0.851014014564482,0.837213460644423,0.850891018366747,0.759661016949153,0.754584086194205,0.818887594407842,0.724076133976023,0.80272424017791,0.873046398046398,0.713961038961039,0.84525515077091,0.863153180864153,0.853291721595954,0.856519128495454,0.866531713900135,0.880597014925373,0.889087301587302,0.867370642266908,0.872413793103448,0.878980891719745,0.889489304145711,0.887536954915004,0.823658979010106,0.833959899749373,0.860636720244929,0.815743656706864,0.664170477961502,0.707792207792208,0.773780854906683,0.796245184290725,0.79908256880734,0.787030087280993,0.871798773859733,0.875758021242971,0.860412371134021,0.869782608695652,0.860110606920023,0.89461612747465,0.865084269662921,0.755338118454316,0.848101265822785,0.756831417052412,0.838519588953115,0.841938707528314,0.803370786516854,0.849227097067515,0.850990071855631,0.846305269533616,0.832474021314482,0.831111111111111,0.884711055276382,0.887752180137967,0.892176573426573,0.882629107981221,0.894273127753304,0.870900178253119,0.896645427286357,0.884704005671748,0.834101382488479,0.826770460181868,0.85057301137565
"X2D03",0.781306003584229,0.706563079777366,0.88247201714694,0.859813541317231,0.821286505720857,0.846614873994008,0.85621959113784,0.738790741507792,0.738229755178908,0.815835940462647,0.816546762589928,0.824198759184607,0.786740762892079,0.683812758633317,0.708329814825985,0,0.619114678301641,0.70652072442121,0.673684647935121,0.654487821154488,0.818176456131728,0.725254527356234,0.75473944294699,0.659941860465116,0.846261280618823,0.840706578489384,0.771301006440823,0.758855848832461,0.674512918498738,0.659971181556196,0.689734993614304,0.621048441090784,0.786173866269447,0.815907471454144,0.775775791864901,0.68025974025974,0.698789004244579,0.707728572213975,0.685112277631963,0.842551753002157,0.852223320158103,0.843964031638019,0.8375,0.825544689045803,0.811053372736468,0.84562490667463,0.81660441572164,0.763934426229508,0.741537179596436,0.821305841924399,0.751366283410482,0.772800783312797,0.833976833976834,0.859582037101049,0.770093967614733,0.70918178452425,0.714525407478428,0.87800931651414,0.893778207607995,0.857891366720437,0.878088631231544,0.884836427939876,0.907894736842105,0.875862068965517,0.750836457225983,0.882810711833371,0.797127237093197,0.842593735852163,0.873989595838335,0.843518662318165,0.890832851359167,0.706896551724138,0.739190727174285,0.783540722533733,0.750438596491228,0.884807091882248,0.874581864966158,0.896793091642257,0.858777429467085,0.872129172448661,0.842807924203273,0.896673339052521,0.86789170442468,0.795986622073579,0.830960583645759,0.831649831649832
"X2D04",0.813529411764706,0.723883507164743,0.899640287769784,0.883301952490263,0.835715379511,0.838765583943646,0.86502466764584,0.716681870633733,0.74345055848963,0.821788111217642,0.830479150782945,0.852832419379182,0.803573045919754,0.737430167597765,0.776235567579926,0.619114678301641,0,0.631977684294614,0.647057561826592,0.647410008779631,0.823794401850928,0.752389888931444,0.681225604996097,0.65608114296181,0.815322194274763,0.84428651900956,0.792626293135996,0.752920118022847,0.65656496452605,0.678615295562677,0.682124409360138,0.646575342465753,0.841251938530946,0.853349252426881,0.774192025975987,0.704315415788829,0.660351722723544,0.743109296482412,0.68639753721159,0.856375771204521,0.840845606907059,0.862943279543917,0.863762626262626,0.849875854080796,0.824750072094588,0.846459350909705,0.822957956237828,0.794786623128026,0.760959013768812,0.845906505070492,0.742243767313019,0.788889522939968,0.860585697693712,0.875887238862321,0.818031306441902,0.752764708247879,0.775891406175318,0.895518394648829,0.894076758401898,0.87459807073955,0.905131033948825,0.896374820831343,0.910906087777253,0.883720930232558,0.773438340226244,0.883727628850142,0.825503355704698,0.877755083200628,0.901389138374948,0.86535224035224,0.906574394463668,0.737704918032787,0.772727272727273,0.814752300679453,0.783738762559492,0.902140672782875,0.890675241157556,0.915997616508813,0.878378865909644,0.888070449418705,0.866310160427808,0.914714933139372,0.891248162050102,0.817599819720157,0.849679487179487,0.849202189317501
"X2G01",0.875534266764923,0.791711858279103,0.909232954545454,0.893349391141443,0.866765285996055,0.838839540803075,0.862993729781541,0.735454353115413,0.76206953957382,0.858997299401892,0.84626969416126,0.889055222887558,0.841915140246982,0.828947142489197,0.855656573856103,0.70652072442121,0.631977684294614,0,0.658227361296277,0.60928576227911,0.803070500565721,0.730717948717949,0.650887375072827,0.664968128058992,0.764463248965962,0.809727671864288,0.777472340746894,0.708641975308642,0.678481012658228,0.675988138462135,0.626262168208477,0.67329201748105,0.81058495821727,0.813739040598649,0.81830500123183,0.647783251231527,0.631443298969072,0.698908782400094,0.637468030690537,0.812162004150954,0.805663040165379,0.815042579075426,0.820690232614785,0.784810126582278,0.761789526663233,0.801566846669939,0.772624897624897,0.747812741788748,0.72630269237351,0.820054837446142,0.715384615384615,0.868935045629104,0.902889933628319,0.914860057721995,0.840370602274068,0.765044956275403,0.800557907186654,0.879336349924585,0.903323262839879,0.848750948864813,0.881925140054237,0.892691258152542,0.905499840815027,0.876524616986464,0.788483844241922,0.895832262970232,0.82898419181605,0.869905155044474,0.901254226625777,0.868263473053892,0.894820650351995,0.67578244210098,0.73647506339814,0.803333028110979,0.777617212588311,0.876106194690265,0.860290615609765,0.886850152905199,0.844024141448487,0.846261280618823,0.832901528321263,0.88125,0.861764705882353,0.784571762791171,0.8239773355445,0.806499615975422
"X2G02",0.812183613166273,0.70843989769821,0.871030414849603,0.840304182509506,0.814260166722992,0.785014393620951,0.84531355294899,0.709268058664961,0.703139372342814,0.803032707896378,0.816259492406075,0.828845556361054,0.774102423911063,0.767045454545454,0.790994456854472,0.673684647935121,0.647057561826592,0.658227361296277,0,0.662721582702324,0.77491961414791,0.686660311864895,0.743775548123374,0.679376276813075,0.783906963521029,0.78571560556926,0.770077193260969,0.735063322740184,0.648150253345459,0.638851452530698,0.690045248868778,0.670811969082421,0.814527537229264,0.839181286549708,0.782192833454663,0.689747372303153,0.691466830634693,0.708171834625323,0.690288713910761,0.814870093974572,0.819505433953307,0.828573756165479,0.822359531584281,0.808926514986461,0.807837872394834,0.820194103419772,0.796819936230911,0.772301136363636,0.747126057082452,0.831081081081081,0.729171009658815,0.809375,0.868613138686131,0.890336435218325,0.762804438679925,0.699673202614379,0.684745762711864,0.852100422570221,0.895306859205776,0.837087898885044,0.868332147937411,0.875,0.887317384057261,0.849388717042274,0.750831151904746,0.872902097902098,0.80103571951398,0.863725908452118,0.888045294761713,0.857397051347229,0.898267728143889,0.712899552163007,0.741319392581529,0.757148692810457,0.751760650696821,0.874202246723095,0.865748096852989,0.891196687271773,0.842281879194631,0.854132517967469,0.82878750309943,0.889279535343549,0.858806517131756,0.784280150416331,0.829309914259552,0.82705413172248
"X2G04",0.83955223880597,0.776486495509632,0.857758620689655,0.843881856540084,0.806507019814796,0.857641559853814,0.841072316975163,0.752302708773341,0.76122323801735,0.816979036117124,0.813497377085335,0.85964311792625,0.814024390243902,0.794642857142857,0.822916666666667,0.654487821154488,0.647410008779631,0.60928576227911,0.662721582702324,0,0.782853213487561,0.689077576661469,0.691616267917089,0.628702892199825,0.786553672316384,0.826298033841126,0.737215378872714,0.689190895317798,0.643302392418829,0.674423914422223,0.670823175282352,0.612863111329565,0.742645468310621,0.763157894736842,0.803100358422939,0.598819029784828,0.612121212121212,0.647662831971945,0.587252680446557,0.794270240750011,0.798711671714867,0.810240963855422,0.789742840444185,0.769230769230769,0.758018583220695,0.791925465838509,0.772471910112359,0.686883311883312,0.674657534246575,0.784008074464506,0.698339097196942,0.857610536016631,0.879099462365591,0.892058091286307,0.754577487979978,0.646825396825397,0.71035201766221,0.855297817438985,0.876050716959808,0.80637731518378,0.849720454983613,0.85655737704918,0.904012089894213,0.861724348468781,0.729732186923656,0.86864406779661,0.763856540084388,0.814407232224596,0.850678733031674,0.826358733716207,0.860169491525424,0.629689163295721,0.665486426190058,0.751968503937008,0.708914326989511,0.853431656063235,0.834591413243098,0.861788617886179,0.803847576766556,0.832739942983845,0.820266848981423,0.854771784232365,0.824817518248175,0.723867704280156,0.773511202830189,0.772100386100386
"X2P01",0.829582599949711,0.842026474769012,0.864516129032258,0.863271344040575,0.823852617970265,0.833848113561228,0.751262626262626,0.80865005192108,0.814775828460039,0.822225204998048,0.811526223392583,0.831428011497256,0.828724559023067,0.857651245551601,0.832579185520362,0.818176456131728,0.823794401850928,0.803070500565721,0.77491961414791,0.782853213487561,0,0.677687644095295,0.816525423728814,0.699279215408248,0.692474192474193,0.654028436018957,0.671642899584076,0.7,0.788308586958694,0.759659296436969,0.815959476829705,0.785959044769113,0.763460693895476,0.807846153846154,0.7697483789405,0.803769751247707,0.80967993754879,0.781444471926787,0.80278903686547,0.690746025275173,0.70353982300885,0.694844063530932,0.667479674796748,0.71257451624215,0.740477131936207,0.720164609053498,0.7436803185438,0.776764217517642,0.77521942571495,0.775075004412024,0.783296694966646,0.858974358974359,0.841784338896021,0.86841745081266,0.788465608465608,0.774938622561054,0.762007040777838,0.673189762796504,0.813118279569892,0.655493586168433,0.685855263157895,0.781818181818182,0.744678442028985,0.712994742222871,0.779072283161333,0.854367507754212,0.788359788359788,0.825824255104249,0.834394904458599,0.790558418047626,0.790849673202614,0.778389802079839,0.759912663755459,0.751366283410482,0.756885460119616,0.697142857142857,0.686948912970317,0.725557324840764,0.676139115832983,0.70054347826087,0.709171005206247,0.72038961038961,0.685393258426966,0.748703410098621,0.744991460851287,0.768041237113402
"X2P02",0.834963230750216,0.794593607305936,0.861041328013398,0.85023090510545,0.815315315315315,0.823415191319246,0.797236586942469,0.75373141113945,0.764883061658398,0.803673640167364,0.81104158401558,0.831796941376381,0.797467720447556,0.809892399136135,0.812387184115523,0.725254527356234,0.752389888931444,0.730717948717949,0.686660311864895,0.689077576661469,0.677687644095295,0,0.743512168885303,0.618880999522087,0.697051495016611,0.680776745012137,0.663275508673699,0.650396825396825,0.671924761146497,0.664556771860947,0.720846881466154,0.665069858207561,0.748046755783434,0.776990451845726,0.781954887218045,0.684907940009981,0.709820004960493,0.679214008700944,0.679356028125536,0.696362433862434,0.71841155234657,0.721554330018229,0.690422848418467,0.699327679295033,0.71338511596532,0.718867159793292,0.711868514083704,0.701786843769766,0.705680902497985,0.777523291925466,0.724875654308117,0.849914675767918,0.859364698831286,0.886835140442244,0.718822004608295,0.687250742806298,0.702170868347339,0.766530054644809,0.860725831682136,0.733783783783784,0.76343916716064,0.819512195121951,0.822224218469278,0.764705882352941,0.708681249252941,0.87528801843318,0.744769874476988,0.818604651162791,0.853369552652872,0.807096215876013,0.840006005404864,0.673234970555879,0.690569101059588,0.72806342364532,0.712752242152466,0.779220779220779,0.752778108504981,0.80186505521259,0.734912671869194,0.75,0.736741663318602,0.80242122873873,0.756410256410256,0.698714202220923,0.766519823788546,0.756979671936905
"X2P03",0.865993039462427,0.808840048840049,0.9161182074042,0.910092281962709,0.861322260651439,0.856344681046211,0.87055582563604,0.737466759739396,0.779705234524512,0.861973459421215,0.858858858858859,0.892638036809816,0.850801007188994,0.83816425120773,0.876344086021505,0.75473944294699,0.681225604996097,0.650887375072827,0.743775548123374,0.691616267917089,0.816525423728814,0.743512168885303,0,0.663212226570103,0.764215912588489,0.810666666666667,0.791366459627329,0.691099476439791,0.722355130249867,0.748234668616146,0.686107812443773,0.725810424672382,0.829999755084047,0.791836169370795,0.830853915795025,0.706368810187426,0.670918367346939,0.735399945430982,0.686324915570341,0.793196896102358,0.782427510855862,0.803769569843441,0.816525423728814,0.778062863047364,0.751552411639075,0.781006092254134,0.758743233017056,0.787226506528424,0.737485166791192,0.824346917450366,0.749360546887777,0.879468860098536,0.914631422189129,0.920063897763578,0.851063829787234,0.796831526929945,0.816784037558685,0.875177053824363,0.89559625793803,0.844748308148698,0.884444190824013,0.893440860215054,0.905499840815027,0.880262520585101,0.816355355701603,0.915137716324315,0.843652064907027,0.8878046458492,0.904295107350424,0.874606918238994,0.901667129758266,0.742302631578947,0.765193370165746,0.823348570996808,0.795107033639144,0.872248292043337,0.840635268346112,0.889400660689004,0.829050550578061,0.849778924097273,0.831080933005092,0.881684042374306,0.853471176228947,0.811596638655462,0.836956836267181,0.825756949610161
"X2P04",0.842561548041,0.783518538693394,0.882016165244724,0.867053826045627,0.830906491581065,0.817272249422297,0.810996563573883,0.72893920902464,0.736637442370191,0.825478950579622,0.823529411764706,0.84402446252492,0.80058651026393,0.797752365619402,0.820387129210659,0.659941860465116,0.65608114296181,0.664968128058992,0.679376276813075,0.628702892199825,0.699279215408248,0.618880999522087,0.663212226570103,0,0.711179881788781,0.731147540983607,0.677990730783018,0.61643568764958,0.647746342786432,0.667124542124542,0.674388444698268,0.616439308286842,0.75263274581532,0.762517748266934,0.772132099203406,0.646324197048277,0.660532212885154,0.674897258727363,0.649023837606307,0.735725234719295,0.727570789865872,0.75748610363995,0.735293413317049,0.718460344060367,0.711397058823529,0.740975720444747,0.722676779741997,0.70120990836197,0.666130760986066,0.781543481344872,0.684684684684685,0.840764331210191,0.875954420936061,0.893280632411067,0.770713839935808,0.717351510496672,0.728692493946731,0.787456445993031,0.859460580912863,0.766540971938273,0.792064626822991,0.839584310048445,0.835714285714286,0.805345458255002,0.736469857205517,0.88477366255144,0.780347593582888,0.838522107813446,0.875486853072668,0.830077677903765,0.857142857142857,0.672783389450056,0.698988097994721,0.762172967665007,0.743542083690783,0.807619738751814,0.781365740740741,0.820864402312927,0.761549395877754,0.791970802919708,0.770186335403727,0.831325301204819,0.795008516155274,0.728115109112111,0.784883109073141,0.778175416133163
"X2S01",0.839724770642202,0.829608938547486,0.905511160099201,0.890511727078891,0.884093915343915,0.855327329990215,0.819193892399386,0.823226945859846,0.830877854615009,0.853979265878849,0.841519325452987,0.870364010989011,0.851912768031189,0.863205681053923,0.862670258943272,0.846261280618823,0.815322194274763,0.764463248965962,0.783906963521029,0.786553672316384,0.692474192474193,0.697051495016611,0.764215912588489,0.711179881788781,0,0.637970042128257,0.703869789071583,0.648603215355462,0.749626865671642,0.763803680981595,0.786682601080134,0.777951388888889,0.787191318465351,0.805765560503617,0.795178778882148,0.787342650411339,0.793939393939394,0.771850798166588,0.785814889336016,0.686112461513531,0.678140571728298,0.720884604867378,0.743900826446281,0.697129899662114,0.698518076213223,0.685215481664898,0.702094224545681,0.744222855333966,0.736459270267099,0.786568812405098,0.744826601969459,0.880373413829728,0.875634779470523,0.889997249931248,0.844704526311123,0.819103574792999,0.820927671428109,0.791578014184397,0.869895833333333,0.757653858169322,0.809090909090909,0.833333333333333,0.819916396979504,0.774434673366834,0.783542072896355,0.873012311748044,0.784220614205108,0.846964633806739,0.855642538177408,0.842502062964167,0.840542436287117,0.776903731430577,0.76391223568964,0.777776635129576,0.77052728692073,0.783030626780627,0.75,0.814835164835165,0.754004576659039,0.759912663755459,0.739913450901282,0.803069555660229,0.757636638103272,0.740173922993306,0.765441607981221,0.76223388044756
