"","X1D01","X1D02","X1D03","X1D04","X1G01","X1G02","X1G03","X1G04","X1P01","X1P02","X1P03","X1P04","X1S01","X1S02","X1S03","X1S04","X1W01","X1W02","X1W03","X1W04","X2D01","X2D02","X2D04","X2G01","X2G02","X2G03","X2G04","X2P01","X2P02","X2P03","X2P04","X2S01","X2S02","X2S03","X2S04","X2W01","X2W02","X2W03","X2W04","X3D01","X3D02","X3D03","X3D04","X3G01","X3G02","X3G03","X3G04","X3P01","X3P02","X3P03","X3P04","X3S01","X3S02","X3S03","X3S04","X3W01","X3W02","X3W03","X3W04","X4D01","X4D02","X4D03","X4D04","X4G01","X4G02","X4G03","X4G04","X4P02","X4P03","X4P04","X4S01","X4S02","X4S03","X4W01","X4W02","X4W03","X4W04","X5D01","X5D02","X5D03","X5D04","X5G01","X5G02","X5G03","X5G04","X5P01","X5P02","X5P03","X5P04","X5S01","X5S02","X5S03","X5S04","X5W01","X5W02","X5W03","X5W04"
"X1D01",0,0.695973418513399,0.324967560432831,0.337867006126124,0.65976463526354,0.666443609742952,0.710887571505858,0.625262236193848,0.664376015507303,0.701720640815951,0.737232972536704,0.676811625254681,0.597953208330043,0.715910301174541,0.672795946877939,0.675541345291636,0.534210736524745,0.575253513056687,0.621550930325933,0.562301307096251,0.799898897026784,0.784839269111633,0.792126622530944,0.85449848766871,0.904435376924437,0.881264988957693,0.907422797917441,0.864250815170727,0.902748087817094,0.913223720176465,0.919290945535663,0.848540193168064,0.894193126272919,0.916181423537764,0.909470969243956,0.85255945013581,0.842204962935966,0.84862308723517,0.851538477686224,0.869613027933378,0.849676943233688,0.923914035409428,0.887985144706771,0.878400622269109,0.892387485384345,0.907715353064001,0.858577842054313,0.926256108971609,0.928415593752869,0.93349852509265,0.919904976201555,0.929595377540768,0.938177785608712,0.941745953528838,0.926294196351678,0.892048975575246,0.879632637702345,0.913269983759247,0.866075347213165,0.473715370625117,0.410711429837951,0.503390395442101,0.530242461381392,0.777633891109743,0.730646840906075,0.798282185858989,0.802942190572092,0.75832682846808,0.845277344787865,0.851626139143258,0.844789361387333,0.757189546817919,0.865781685976618,0.730958112573461,0.636405449716163,0.847986185858701,0.319229221674813,0.835279877030245,0.889715555288823,0.818674655707701,0.920325778866379,0.869345214634948,0.892279250315678,0.86215060442358,0.895655017089092,0.941205028121856,0.907413381961972,0.921244429076156,0.922596068602735,0.925627183813934,0.934357296173291,0.922247368403753,0.913158897519307,0.887286477653734,0.893463843655622,0.853211831661157,0.906253469649085
"X1D02",0.695973418513399,0,0.704344362144791,0.717192356871254,0.670060778558766,0.594908254142758,0.686395559881063,0.641658947396309,0.699210934180027,0.676931413412061,0.783881809133237,0.75210786946783,0.753442594293856,0.716422234959894,0.715010677435345,0.719145073166615,0.655232866909066,0.716596388342147,0.717604730683727,0.717511114751489,0.689915695671286,0.68499985094553,0.651916757043885,0.691242262835379,0.760447115731713,0.688303040296334,0.745639920953757,0.673073238821007,0.722642513479498,0.779654125026908,0.750113240748348,0.649844271114801,0.702125335183594,0.741583565096659,0.724778931505966,0.631347338523076,0.613288840159031,0.665356213173926,0.677229364550578,0.70203148229751,0.666630730119455,0.768582216720006,0.716980749911131,0.629193578841712,0.66715529632515,0.716166872393515,0.586741889566582,0.759331147854798,0.764507373596747,0.779269135628268,0.746365175477614,0.775849048786576,0.762470265832198,0.794416410807125,0.767762063946314,0.651756566170984,0.622298901481777,0.684457171456859,0.627073632356262,0.620902984609681,0.570026571029701,0.555467644352855,0.649540754017263,0.479973613881681,0.544650933696333,0.512668738188167,0.577590681357548,0.567527998275951,0.634066509204451,0.679469125427364,0.697698047719371,0.559589474888634,0.613485678921726,0.329202202893893,0.489585535654184,0.61767242144032,0.718283915800292,0.723299043600262,0.824794538595227,0.640524598948814,0.81371326094529,0.669186210208136,0.651095990508548,0.613787469704701,0.760408534495737,0.826260526353724,0.786926006494933,0.750887898664844,0.76238068190713,0.7371893237971,0.754838677704012,0.753209029688421,0.770871619788871,0.732726727166694,0.678056033932629,0.670553313940757,0.81079606538377
"X1D03",0.324967560432831,0.704344362144791,0,0.360041863017696,0.640500235970581,0.634164751041993,0.640790171649432,0.583360348967645,0.569734495573936,0.656645026390279,0.642010743242931,0.608911878755352,0.475146319436125,0.665816752990011,0.598095156294539,0.60368297599317,0.478552695066911,0.531569177977793,0.557269130354866,0.467903813708061,0.827804357951381,0.809850202733717,0.820507490535006,0.849040859226255,0.902814438172863,0.88306989733262,0.895941031175691,0.873031017683197,0.883151624677633,0.916118485656507,0.904163014201747,0.860084330474017,0.886036524680575,0.914671074928412,0.908490554716528,0.849036662983076,0.844836284382589,0.846225139862457,0.8590958060869,0.861613949878687,0.849262392785829,0.917388244885855,0.881078127814895,0.872971010500031,0.890690022405128,0.907638542703774,0.841146581330734,0.906888891908293,0.915351373864533,0.922030419486721,0.905040572408966,0.916632786955396,0.923985914123534,0.929604831947044,0.908686151636871,0.90219535974401,0.883365435617549,0.910915794010565,0.862623094435879,0.517736107356755,0.421600364851109,0.523539547627827,0.529167847741274,0.755888932005954,0.716951569236164,0.793075707602192,0.773696201632199,0.720532607438902,0.831761390852892,0.828317756861944,0.830558201633564,0.731314608168455,0.852201202164317,0.734301565070855,0.622359967743188,0.843435341574211,0.314682352371479,0.835570992319793,0.895950195546663,0.81927356845146,0.907511713436194,0.853613140345196,0.883519109022442,0.83319663204648,0.876876974250907,0.922501558791847,0.901174915097878,0.906331421767636,0.906573177981487,0.904422266134398,0.922481103468519,0.906746264606058,0.897322261200256,0.885010589090334,0.906898311322247,0.838609563850984,0.884030151118921
"X1D04",0.337867006126124,0.717192356871254,0.360041863017696,0,0.690371692321533,0.678953432663471,0.720705679744976,0.645844654874516,0.663174688133595,0.699810607451056,0.727844517478419,0.663391457722786,0.567846727246926,0.682383493788249,0.662302740883443,0.654100381043947,0.520623709310108,0.529496922021657,0.624169915843374,0.515958884188695,0.827055113616641,0.806709760608265,0.820513093944881,0.87522666145307,0.914548882535831,0.887048173947762,0.913221209810474,0.870332703718333,0.896960894184572,0.913107202078187,0.921420887433442,0.846452267464493,0.891314700089158,0.914845863909831,0.910646650952921,0.852229397436363,0.851351863905986,0.858812058186115,0.856832464524061,0.883884024685719,0.8635229364564,0.928811582137159,0.898009403458118,0.889612310872367,0.9092511647431,0.913314394293588,0.873546639261912,0.926780212383805,0.935861352391979,0.933690857729463,0.925230406333766,0.933215838976916,0.936148991864838,0.946491019704929,0.931276636299897,0.902770674473412,0.881109883613607,0.907716476554795,0.874237450560318,0.526940723523187,0.411855799720106,0.555823352743356,0.559495866640778,0.790411226206023,0.749622282628733,0.814421024632208,0.812976699683119,0.768655576754856,0.845166803168421,0.851558051782783,0.854961828355461,0.763232206960266,0.873657462888203,0.754351131877348,0.641744679543051,0.852431165610602,0.364893564725773,0.831490711394606,0.886756947314246,0.816139609507066,0.91197957993624,0.87674561762011,0.893483771521648,0.876828549449506,0.91244198612999,0.922617201360964,0.89508360876089,0.924090556099994,0.915260373173138,0.919092853197615,0.933390713902415,0.922118301720496,0.907458324834277,0.881080492719066,0.882032721680222,0.855950717445076,0.901637302749752
"X1G01",0.65976463526354,0.670060778558766,0.640500235970581,0.690371692321533,0,0.3548326077395,0.349365741885199,0.394619175616997,0.628647269440398,0.620001991884807,0.66865378899294,0.626394529209184,0.594071866739076,0.646366011811917,0.560465947997626,0.578731761794126,0.584876202240095,0.57727592925168,0.596602781800455,0.603125367297374,0.840420235476787,0.830544912802849,0.824278027670086,0.788635646228052,0.865304265773625,0.837202959828306,0.846056357110542,0.814259249918733,0.853591613446528,0.896749254383832,0.881195894896903,0.800953095589027,0.853527664890541,0.892322032328588,0.888365156803763,0.820707810607457,0.811626137164203,0.821876515921587,0.837012198246432,0.84205362302979,0.81668071195684,0.905896809069839,0.855239537461587,0.828328655558327,0.83864012882271,0.875818561574992,0.744802475167164,0.878977514477507,0.872827425271135,0.90695035792654,0.871078798742187,0.87340662626793,0.879054407876932,0.907880983296454,0.882177851283268,0.861277609269029,0.845453504892987,0.845481072878824,0.792296298491797,0.67973948902052,0.616395686680088,0.631554746934437,0.601812348814126,0.582599625054226,0.476770791616642,0.619869239311621,0.606590242421174,0.665428021188919,0.768688586628629,0.77986707420642,0.758710607401496,0.668617974342513,0.731116966953214,0.649078241438855,0.53753274237197,0.75748263586366,0.657124167412356,0.762258420057388,0.859924130318901,0.775973482188174,0.848270567167426,0.743605784840071,0.795529454134707,0.744442814219304,0.789207888268071,0.837519751402372,0.81688768166931,0.848569629982713,0.862541232346989,0.859868490244609,0.875511737705409,0.835577745351744,0.835967494086007,0.797048086629913,0.862398949318816,0.764806945209605,0.816926387851651
"X1G02",0.666443609742952,0.594908254142758,0.634164751041993,0.678953432663471,0.3548326077395,0,0.343299416487309,0.303857986125382,0.60972073634631,0.622571985195453,0.689950415004561,0.658648568667906,0.639896990711658,0.67090026329606,0.585198100311632,0.586806095374621,0.522629671720822,0.596992712294514,0.598518909414481,0.564010306574935,0.817479776180979,0.805710197596928,0.791812294832418,0.775886695906193,0.852693767333118,0.803893559423138,0.831484891933743,0.773862982053568,0.816642554501966,0.862514853819204,0.85665685875991,0.772156266759821,0.826627700278637,0.869694414115366,0.855044139604588,0.782488631296147,0.763408497430255,0.791149972853531,0.810133109149367,0.808519769367343,0.794625553205119,0.869989049996568,0.824760676597583,0.779898237857722,0.795645397349886,0.840352150596919,0.681987223423715,0.863462161199917,0.847910356261967,0.891437173372978,0.844069973680538,0.849081658711835,0.86577741754951,0.895174747723123,0.871558032724463,0.832212015348721,0.788825390072818,0.81314531774345,0.751424283561706,0.678296908047104,0.574687190263696,0.614700983604124,0.621745382602379,0.536666960349933,0.401754323998811,0.560060363824555,0.557135206816532,0.619767653923547,0.743507576862792,0.755973988782678,0.749736401534061,0.604445495947602,0.720046097408074,0.583249955515191,0.48256634942516,0.712448711025053,0.656496734627043,0.767689086385334,0.843194599889679,0.732150802738086,0.848523102552638,0.705389470031173,0.760711550030799,0.683086759567974,0.750849572200236,0.847280666034544,0.818146826372731,0.836870728505691,0.854809563038271,0.842282717711005,0.859776669005759,0.832094573684595,0.835852183793098,0.749837949276028,0.804613702087927,0.713614515005662,0.815284999834807
"X1G03",0.710887571505858,0.686395559881063,0.640790171649432,0.720705679744976,0.349365741885199,0.343299416487309,0,0.411805317308613,0.622336770656037,0.653198997302559,0.626393099149068,0.640890268871429,0.615529208196573,0.676548244338737,0.5635992851195,0.570106583726044,0.524293322592398,0.576620039387646,0.513245650128616,0.518821228214624,0.853887656324345,0.840398650062315,0.838466859714053,0.818480512746197,0.873886648351424,0.842228287520678,0.852445589779568,0.824439148602998,0.855050971195474,0.896434024080649,0.880163099797084,0.820167063487234,0.860969374216148,0.896167170665053,0.886759149052952,0.831628276396191,0.821675288812391,0.839387072405131,0.847499198455568,0.841336204609008,0.819362924044614,0.892688807231021,0.852564972619565,0.824876118900227,0.829694675259281,0.869235916835823,0.739195151440933,0.878871171598424,0.86825725889577,0.901290345400426,0.858325810401127,0.8714913893653,0.875723690380106,0.903892349390999,0.882753448511985,0.865833269954852,0.842504870181301,0.846716787247338,0.797334152035481,0.756076604399764,0.650146591511836,0.683660149066448,0.672066927124725,0.614693251227134,0.514903951158096,0.657060229603715,0.638390999421679,0.66808013582277,0.782419708705443,0.780310952180132,0.761258100719316,0.648132331759669,0.761502605889435,0.685190863412885,0.571182589777007,0.769263272830599,0.648574362803274,0.788268175691389,0.843792652909583,0.76378403689759,0.840139163446435,0.737785037542495,0.790751283565198,0.730046730388922,0.776599536622553,0.84193667276556,0.814462702150188,0.841174969134214,0.855720932584914,0.847436032496108,0.863386620974104,0.829481965740995,0.837347379863235,0.784807573590765,0.844096028454697,0.751799072564189,0.809747594885758
"X1G04",0.625262236193848,0.641658947396309,0.583360348967645,0.645844654874516,0.394619175616997,0.303857986125382,0.411805317308613,0,0.561625302275452,0.570554074311134,0.661327953412582,0.615410516588831,0.589177164690749,0.652162798466357,0.550828433200111,0.580729821222636,0.513054463044116,0.557934876186059,0.56975335830235,0.541062629397829,0.822940243298635,0.80977118008571,0.806848254514364,0.78168721774824,0.857345294997045,0.820837470354383,0.842892761129142,0.789236441519363,0.823133760603705,0.88333127993829,0.865390613454415,0.794412115483952,0.836918409644594,0.88026582400633,0.868495985908342,0.802685849321477,0.785562831966727,0.809650767211202,0.824929722435125,0.817815386637242,0.80262307836129,0.880373734937453,0.841512740013736,0.798546162432244,0.811266956421549,0.854051736747508,0.70254627955708,0.8639643999869,0.857577758561071,0.893298510453961,0.84890187064152,0.859034241524351,0.865012552407214,0.900725222287325,0.872163570629559,0.850092044857853,0.819957067257364,0.834847384821461,0.779133058411499,0.666239429125592,0.555164081315779,0.603828180580011,0.607148359663077,0.562761786850301,0.44754660091897,0.56886442499483,0.581287657675264,0.626392157253431,0.749072406520162,0.767241189720248,0.755262471330875,0.646531348178194,0.740534546171714,0.628286587318673,0.522220786624056,0.753366752981108,0.62849901511408,0.781276394378886,0.854938984292752,0.751253429231675,0.840556878822084,0.71510450714913,0.767266446002012,0.707171311915882,0.753562312053327,0.841888015246317,0.816596611595189,0.838137778020377,0.852062715193015,0.840528875907591,0.858770052293985,0.832326231934561,0.830180337665691,0.775387232942508,0.844368517734502,0.760284297275371,0.821092957675059
"X1P01",0.664376015507303,0.699210934180027,0.569734495573936,0.663174688133595,0.628647269440398,0.60972073634631,0.622336770656037,0.561625302275452,0,0.394750371215376,0.396027176163267,0.40955983254094,0.419673979432639,0.446934629557609,0.368380602449944,0.400411268674932,0.59847575045137,0.600142894910715,0.585137725351087,0.55638186327101,0.868165441052968,0.870744062615592,0.856952554259649,0.828405319565461,0.890728422845185,0.869902672312207,0.859996648979449,0.837661430591162,0.829189535844249,0.905951750930427,0.866169887530312,0.845754071424127,0.870892788672409,0.906628625506516,0.902283999989022,0.848556308845416,0.835172041405319,0.858988843724596,0.874041414691753,0.798768539076734,0.797993452748193,0.87771492399339,0.831066282981228,0.815869495036237,0.829743513807678,0.873695516107873,0.737861533175845,0.825434743158418,0.829108306300071,0.878459415652625,0.818453758068342,0.839840619446123,0.852341186369423,0.871234703702862,0.841880856647912,0.844794035895685,0.810437500030297,0.83878150118183,0.785361395227933,0.738980616089549,0.654106836708161,0.685640797258911,0.677674798564773,0.710028916009788,0.695788342828515,0.737799432318048,0.701922927946693,0.532085106686862,0.67938454853954,0.635781885208599,0.68484066382467,0.559568108108484,0.682222380470424,0.702133970368004,0.631038158297873,0.788974008644931,0.661204642237989,0.789384282448593,0.827088144316689,0.772987404113774,0.826373059963591,0.750042750073219,0.776978509054024,0.745328375385911,0.781486445832727,0.808831710300091,0.783965586017413,0.774431810131884,0.79472378431886,0.809224759095693,0.817706670326314,0.757262680020809,0.788291229046551,0.792297075652181,0.829352569464485,0.783183445967321,0.775663247831456
"X1P02",0.701720640815951,0.676931413412061,0.656645026390279,0.699810607451056,0.620001991884807,0.622571985195453,0.653198997302559,0.570554074311134,0.394750371215376,0,0.472342004834388,0.510844136307963,0.51630840907625,0.503913294007581,0.429659530167526,0.504340017962263,0.637543955764172,0.637025885963073,0.618230437704154,0.628909407624678,0.87304007209628,0.86442691931156,0.835706389507306,0.81654551312033,0.887096308553878,0.856987581035557,0.851052244171305,0.819426971682058,0.807810078374839,0.885474547234948,0.848854916629765,0.813455044191443,0.850333056558366,0.883629060958115,0.879367881745547,0.838950402367965,0.829090682101564,0.847649795942935,0.85477802644209,0.790576109920485,0.782017131621022,0.872625732989906,0.827313873966273,0.814781058889344,0.83111234021832,0.86434229229668,0.738488762496345,0.801291181656142,0.810832874455054,0.859524186762908,0.802552684527975,0.822294784024023,0.81758283068829,0.856758785483759,0.82238144627056,0.820171475412568,0.789797949404572,0.816782080398745,0.751051581622831,0.724299668336744,0.667962269463208,0.67527086142903,0.672444451138535,0.693639564022283,0.674305779288764,0.713412687048212,0.665190525611875,0.507451395385514,0.592660738065635,0.572332853129455,0.619679987733724,0.558954253286893,0.620212466506501,0.669845234566003,0.622773208583356,0.746490864485371,0.729321915699317,0.773456049257866,0.828356455041285,0.756864134600084,0.807914362870509,0.742112565910147,0.760405462247677,0.743868298473991,0.787197517433664,0.804308441066734,0.787881783489423,0.735450961868799,0.756670060604202,0.774298985010333,0.792713121120978,0.720257403551879,0.76222961829058,0.75921280034037,0.78766902291914,0.766042049755982,0.767561621882768
"X1P03",0.737232972536704,0.783881809133237,0.642010743242931,0.727844517478419,0.66865378899294,0.689950415004561,0.626393099149068,0.661327953412582,0.396027176163267,0.472342004834388,0,0.430287008531335,0.438791491304457,0.528266915640868,0.407950881279583,0.435185794914736,0.649223714830667,0.670783563933708,0.582516345012764,0.600634816816447,0.905892283480185,0.899309126272489,0.899762660276962,0.879600515178334,0.918654842308632,0.899661677002026,0.887249292937561,0.879522910153908,0.871461395351469,0.928159751647177,0.904907435013592,0.887448927082363,0.900538851127209,0.931053598947195,0.923572959402142,0.893290820699364,0.875052654956299,0.900361223207749,0.901180177239918,0.831189340794579,0.83381943180405,0.899584759225638,0.858388653476764,0.864434175584985,0.873094738022895,0.904446069406007,0.79423236771364,0.855590194620003,0.862032878408589,0.892710933092039,0.851927036138537,0.859132393160414,0.86829185294451,0.886333488251735,0.86403703046665,0.88134616473127,0.84244148331833,0.848824292685299,0.824491999660064,0.818378118979976,0.7458220220802,0.773686145394736,0.763819044182332,0.773611883546519,0.75124016774396,0.809977845406217,0.785475577046662,0.626891789943417,0.772476025622204,0.729917585758436,0.735890123437739,0.638484682461813,0.759325838055982,0.787670500236447,0.694437255906997,0.810711464147277,0.713392799641583,0.811400457085891,0.845571535400618,0.818871050184942,0.825745018544042,0.791362285105908,0.813885155629512,0.789231746069233,0.811041918499887,0.818827954435108,0.804121729829919,0.796495907447462,0.805204801335674,0.818905315561887,0.837592422136823,0.777438947590492,0.793852392142542,0.786294603306668,0.843159789931938,0.782427518845717,0.767563167636216
"X1P04",0.676811625254681,0.75210786946783,0.608911878755352,0.663391457722786,0.626394529209184,0.658648568667906,0.640890268871429,0.615410516588831,0.40955983254094,0.510844136307963,0.430287008531335,0,0.43595227202099,0.41055391927134,0.34846312328124,0.336447908375446,0.641595529449855,0.602620436608591,0.620470199512888,0.595216488108643,0.886387549741404,0.88310115622985,0.882636946055658,0.854896706545731,0.907112871874344,0.893166825958863,0.875712978242131,0.878808028929413,0.869734487430816,0.927028637514786,0.900004883370644,0.881768921372551,0.893944510873432,0.925325905246555,0.924597207190608,0.875716961867476,0.863710087498382,0.882418755062776,0.891005212746048,0.849279577421375,0.833270895211395,0.912178058900097,0.861248964970182,0.870890660906125,0.880118564278451,0.901223572844605,0.803905509629436,0.873512150917591,0.872480855077263,0.914277717870092,0.864758559364108,0.879696201026261,0.883002066418218,0.902480567239568,0.873959029258694,0.871003924579729,0.860827851908695,0.873842802281749,0.8171220838444,0.737742135141743,0.661166602863992,0.696069181400473,0.66204029511084,0.774319908126928,0.739403077635276,0.784147251607276,0.749342377085626,0.662688233335025,0.774320852870673,0.725392037811698,0.719601516767096,0.661463425267883,0.763136199216174,0.752231628875946,0.628545619462615,0.795466320759957,0.697937429409542,0.807955853540955,0.859341650845016,0.801904369141649,0.859577566232236,0.804659783183125,0.835707286290474,0.818819475084863,0.817462762557117,0.836144118512681,0.819890558290882,0.844475324320207,0.862137112046214,0.858862226649424,0.86612797039164,0.812889206351183,0.831806454925109,0.812538012600167,0.867487694405242,0.796585990764254,0.818690837746154
"X1S01",0.597953208330043,0.753442594293856,0.475146319436125,0.567846727246926,0.594071866739076,0.639896990711658,0.615529208196573,0.589177164690749,0.419673979432639,0.51630840907625,0.438791491304457,0.43595227202099,0,0.483873450836738,0.401615679030053,0.412676508649335,0.544780357484713,0.525543054575659,0.55549247825132,0.470016163351987,0.88418642798152,0.875559634367111,0.869928651428394,0.858507807658335,0.917365483548673,0.897901853601291,0.884038961118152,0.884189107432862,0.869086186916664,0.928009851200751,0.905329961759993,0.87120653284264,0.891053936373847,0.917087536697466,0.923345983121794,0.878154280902237,0.863205677897677,0.881633179121278,0.890542493093791,0.847137314491368,0.838987209371337,0.913326722159794,0.870393315617577,0.87087016255685,0.885853859004262,0.90686393050781,0.81449166405805,0.872845738284249,0.885280218968042,0.907430538187312,0.867569623323524,0.874355395809483,0.886984417804628,0.896640857535579,0.870633724401019,0.877948615884376,0.865541857864367,0.871008566783457,0.823710405551764,0.694905311275676,0.607533892584072,0.666577294626378,0.61099422930545,0.749091400712315,0.709073565903385,0.786934950162702,0.750728688788422,0.645403009267868,0.770061180079615,0.752819353631555,0.71021826930146,0.649732080999209,0.757390908541059,0.748626405791907,0.62254840874662,0.813125216708309,0.557222057078599,0.822864000758955,0.858783155605162,0.828289614694052,0.850585533321979,0.813852943956006,0.840218684079195,0.815875133427137,0.826501474147407,0.851156036258857,0.805389807982316,0.846046990940425,0.854703886083398,0.851287547526589,0.867164776892591,0.817343468711021,0.831187798394293,0.818063697955331,0.857413287835468,0.801554006191902,0.807427392558505
"X1S02",0.715910301174541,0.716422234959894,0.665816752990011,0.682383493788249,0.646366011811917,0.67090026329606,0.676548244338737,0.652162798466357,0.446934629557609,0.503913294007581,0.528266915640868,0.41055391927134,0.483873450836738,0,0.36318969963709,0.320007275660411,0.673241343658665,0.641352726446008,0.715838621940815,0.64160242295757,0.882709442461911,0.875790232731278,0.868939985927129,0.835019633345707,0.894729635246741,0.885760530327922,0.866506175477359,0.866702394872457,0.87136838906727,0.926578658433677,0.89784391758385,0.864103883217967,0.876018623262858,0.909811393940238,0.913176303213369,0.87402998678805,0.853781239394835,0.874120127115219,0.886757423224398,0.812192029314868,0.809902639823846,0.889804545201994,0.822874150483449,0.847372413733595,0.857760821298954,0.87341767406532,0.768083088772528,0.841158078867476,0.829332955182474,0.895888876911386,0.835872218155205,0.844129403572971,0.851599144195305,0.872955767176065,0.846741319343289,0.846535246642497,0.815800980589171,0.857423875735288,0.785625451317274,0.753496249799369,0.665546882909358,0.693020604373481,0.672640220301756,0.739866422003112,0.717718669358926,0.747020712455835,0.721752535389199,0.606424405384457,0.690636121485812,0.651296979656919,0.609588198213261,0.60189563815802,0.659549150157961,0.701835285668367,0.646014071611818,0.78759701663579,0.753718688923438,0.801176460556042,0.889145668275652,0.795429519884944,0.844722725205224,0.802947363358245,0.805975935173326,0.800952118685557,0.832905105768169,0.82774492748557,0.780156059643608,0.811248987778827,0.825315288401221,0.826425738951493,0.821548853073397,0.756714998885895,0.810306040512799,0.807238229027428,0.84295410688222,0.808280954711643,0.835129498872572
"X1S03",0.672795946877939,0.715010677435345,0.598095156294539,0.662302740883443,0.560465947997626,0.585198100311632,0.5635992851195,0.550828433200111,0.368380602449944,0.429659530167526,0.407950881279583,0.34846312328124,0.401615679030053,0.36318969963709,0,0.285044571168371,0.607611921006467,0.592426824423583,0.616705299739001,0.57764859457911,0.879884114362235,0.881304835053831,0.864608183589116,0.846152641806377,0.896646042680273,0.872743338524414,0.867181605012993,0.855710426754062,0.848000446586653,0.911218644107669,0.886257177958624,0.853472777209904,0.873372340628467,0.902826835200628,0.903060760950432,0.862266426173534,0.843336108175448,0.874388671222743,0.879018738469133,0.815989347055393,0.794505222651145,0.880076699509355,0.834284939014509,0.832304047868071,0.839782812562622,0.875387268404144,0.755527717649736,0.833227988649924,0.827417899318287,0.887073100519879,0.822528766627404,0.83958054373431,0.83695984855156,0.865448703438914,0.844856046956641,0.854858196732175,0.819605246740413,0.839427114686455,0.791899537316337,0.753523743646749,0.640104413979519,0.683861371547122,0.653290435410022,0.719442153100593,0.661415182228338,0.744615700684394,0.716393111875532,0.54498567931367,0.693466356092842,0.66364417283874,0.640939701427103,0.561489211585435,0.681568113911109,0.712383968434399,0.59508845240472,0.771175586692303,0.688180024622786,0.781793486595016,0.864116505224065,0.773532745240172,0.835711857556955,0.781056714358978,0.789911245615953,0.754867826057258,0.800435484456292,0.804564203540086,0.762670885895888,0.787491486016815,0.809405082790731,0.802487619282007,0.808080567813851,0.758005877096242,0.792735961149034,0.788372343730923,0.827313661381101,0.764780246149406,0.794860124373986
"X1S04",0.675541345291636,0.719145073166615,0.60368297599317,0.654100381043947,0.578731761794126,0.586806095374621,0.570106583726044,0.580729821222636,0.400411268674932,0.504340017962263,0.435185794914736,0.336447908375446,0.412676508649335,0.320007275660411,0.285044571168371,0,0.582718572781988,0.593274520598787,0.617942420812506,0.559503153975385,0.883112675978534,0.881290621153276,0.871624087070718,0.851005509639668,0.899588202448955,0.879711403702059,0.870544015875434,0.862410855025613,0.858035888784167,0.913142892943676,0.891196651946481,0.853648543793211,0.878433951706376,0.910469465919634,0.910312039251824,0.867612829674965,0.842913262018879,0.868707573014257,0.878880550104304,0.826903108440372,0.810893432968459,0.880712518901144,0.839634096669355,0.840948554990606,0.857904527684515,0.885731515028134,0.770049043038548,0.853349438240829,0.849902964206049,0.892640790727263,0.83795776389805,0.854037207558654,0.85711837667767,0.877075408303028,0.85205043949656,0.851764131139259,0.833870144517134,0.843077806755895,0.789366090800998,0.749383078527358,0.6441967676299,0.688369718869252,0.668284620812344,0.717308760787014,0.67705699053542,0.755991032823713,0.724473585098328,0.593514967153989,0.72220025129933,0.698751088203917,0.665881352734637,0.581367157944291,0.713232252958773,0.717521515077064,0.602376602377776,0.764991981929157,0.6912472682584,0.795856286612453,0.868357876047746,0.77348633114131,0.842094206644363,0.792508094505745,0.814039992894625,0.782388350838679,0.815639839340549,0.821641441669982,0.780144227567664,0.824436519293674,0.839860160081261,0.829197889291704,0.836357070870406,0.793594862557725,0.813932845996795,0.78915068982605,0.835660886641347,0.749436254542843,0.812428208338438
"X1W01",0.534210736524745,0.655232866909066,0.478552695066911,0.520623709310108,0.584876202240095,0.522629671720822,0.524293322592398,0.513054463044116,0.59847575045137,0.637543955764172,0.649223714830667,0.641595529449855,0.544780357484713,0.673241343658665,0.607611921006467,0.582718572781988,0,0.360246692888651,0.374317909832416,0.317310354796116,0.824357157053078,0.821281168317108,0.807744371585237,0.837404094216307,0.88852277389965,0.84808477232776,0.873709812126611,0.827579886822512,0.854643081526061,0.894924918357538,0.888498995603768,0.819627173367638,0.850588037181446,0.900680057791971,0.887991392934152,0.801296205850596,0.790465227867636,0.784409765862039,0.809884599275388,0.850349623695307,0.822576072288188,0.889379832697151,0.862069384320443,0.836369918182917,0.857169015015973,0.878919482717934,0.790716991446297,0.899493391607593,0.904424279580783,0.908654441568982,0.894867964764017,0.887580043099759,0.89831924473084,0.927240035649132,0.905205327146913,0.847480427257233,0.833206881777178,0.852334291329261,0.815399768669381,0.615360205492261,0.45962284078891,0.569950667663092,0.597757293569456,0.675859332708463,0.632142519999289,0.728912642889076,0.726879767939312,0.65272233384756,0.814578966159308,0.824881888279279,0.808857096641686,0.652843658874037,0.815406232542775,0.666309338690674,0.494135063955399,0.785836272881806,0.48922706906452,0.803253664564666,0.864665942216908,0.778490594286473,0.878350365230398,0.828976583818432,0.837089824070666,0.793440354873461,0.857580977683114,0.90341891935309,0.865960473047904,0.899486324798137,0.89470598701326,0.876699313899968,0.9060239340225,0.895918331925523,0.881957457031447,0.830242410783811,0.841086893425227,0.761095399236675,0.862916402357544
"X1W02",0.575253513056687,0.716596388342147,0.531569177977793,0.529496922021657,0.57727592925168,0.596992712294514,0.576620039387646,0.557934876186059,0.600142894910715,0.637025885963073,0.670783563933708,0.602620436608591,0.525543054575659,0.641352726446008,0.592426824423583,0.593274520598787,0.360246692888651,0,0.381684562101783,0.344343013752563,0.853276396995436,0.849310708991579,0.841016334144986,0.852986473279209,0.906761528903772,0.874843114670911,0.889233442043581,0.863027230723735,0.889668226677109,0.924833626346921,0.90517059388217,0.850722158465918,0.880542618653247,0.922277659194031,0.912900860255225,0.839778081226677,0.838108278006117,0.817582506046647,0.837495901468136,0.857452323960354,0.836314131284638,0.908344932377465,0.873942077125559,0.863789000281901,0.876406257635992,0.891801123104027,0.813055736000342,0.903501189145246,0.909022421734291,0.915681377040097,0.899481631303056,0.903876565595412,0.911982903604446,0.929962911910336,0.910618207289454,0.863627125407402,0.855302665207835,0.877336072449787,0.838940499221696,0.652454471137685,0.540827313553844,0.606726642103302,0.596231453441066,0.730165350090711,0.666283284753898,0.766235043991854,0.748653546863162,0.691785307214469,0.826914043846896,0.81958840792856,0.797339832127253,0.716212274186162,0.809595168174041,0.708216572734613,0.553746842139073,0.806480491424468,0.581891172519314,0.797057877365551,0.850118265171583,0.796965157657513,0.862954677819327,0.839649613223287,0.846816431184291,0.828780813335479,0.873179680779291,0.891496846973022,0.858026533540077,0.896366656730225,0.891183102385461,0.883728315024078,0.901676641789606,0.88085198798708,0.880339888253842,0.846002904745382,0.861959448781395,0.793990673846602,0.852176876783976
"X1W03",0.621550930325933,0.717604730683727,0.557269130354866,0.624169915843374,0.596602781800455,0.598518909414481,0.513245650128616,0.56975335830235,0.585137725351087,0.618230437704154,0.582516345012764,0.620470199512888,0.55549247825132,0.715838621940815,0.616705299739001,0.617942420812506,0.374317909832416,0.381684562101783,0,0.359189997552531,0.856782596545629,0.84298441760716,0.843372179055819,0.85831313059776,0.894098229607998,0.86309687048887,0.876096433515535,0.859026470845623,0.872788653818137,0.915924327441001,0.89958351897772,0.838041803106119,0.868471655907359,0.912119131375234,0.902914434377197,0.834187671684877,0.828998496323544,0.821425884878294,0.837343484986663,0.862272280491105,0.843291058206745,0.902015263686989,0.866642985769459,0.84795790710573,0.87234425509061,0.885472952643527,0.798724724430884,0.900564169160413,0.910022957552416,0.906805971649544,0.891482098036369,0.886282994547737,0.905586885491203,0.924521987745055,0.905479379131156,0.868961321227997,0.861434982018157,0.871550247027659,0.84110736493079,0.694570936008916,0.615452286294824,0.662536069370675,0.671639724291446,0.717499771489695,0.700534037616302,0.771874186406996,0.749119908216479,0.685246859651962,0.839750649433115,0.840310568837079,0.828956275880321,0.681256258123467,0.821701703515711,0.727654988466532,0.593523357526191,0.834567724214405,0.571894001340161,0.819497416014165,0.869753582890689,0.805295295393805,0.881372794942076,0.825384793245043,0.839473815641753,0.798773834043885,0.857475527886803,0.883404819000607,0.865568949328731,0.890026226881178,0.892595268517572,0.880058660804234,0.900706709849663,0.880428186357329,0.873557919554545,0.862781023753377,0.860867731510305,0.807678447185555,0.867368767141177
"X1W04",0.562301307096251,0.717511114751489,0.467903813708061,0.515958884188695,0.603125367297374,0.564010306574935,0.518821228214624,0.541062629397829,0.55638186327101,0.628909407624678,0.600634816816447,0.595216488108643,0.470016163351987,0.64160242295757,0.57764859457911,0.559503153975385,0.317310354796116,0.344343013752563,0.359189997552531,0,0.86444498348875,0.856631994714334,0.850781584359936,0.860837958667512,0.910484168058486,0.879033524036687,0.897056075679098,0.872600573114721,0.890270753557385,0.92179286476365,0.914543118341651,0.852073213174389,0.881632096627601,0.922755499995173,0.92135178390439,0.836745166604947,0.835498317642759,0.834061158343452,0.838702415372585,0.880564193791573,0.856733581989017,0.920496818901856,0.892939955064904,0.877738394679681,0.89452321514476,0.910300476375383,0.833200568719979,0.918429936092841,0.927947828819028,0.926776835118347,0.913110240108224,0.909139761205159,0.922784274185711,0.945613764568995,0.926939491670594,0.879368682841436,0.87193969360023,0.885662455743959,0.852634280069362,0.661558239518475,0.54172960403192,0.619452383085777,0.580487619667925,0.730590423581531,0.677980878978387,0.781316082237744,0.765432857742824,0.698426110858943,0.838334514893098,0.840515167075675,0.822981185347659,0.683514200699649,0.825747931858889,0.72191540696837,0.565569296178122,0.833357094159752,0.529981193226047,0.83629626284903,0.888910943416057,0.817319954963335,0.898504431736801,0.851648677396923,0.869220960591452,0.843764869205481,0.888256739584381,0.908702726053767,0.870169122918806,0.913253075617224,0.914644179134783,0.904117659232262,0.920985085552877,0.907822512338102,0.903712129825484,0.867841437484666,0.872760506624573,0.809113293264373,0.883757485676346
"X2D01",0.799898897026784,0.689915695671286,0.827804357951381,0.827055113616641,0.840420235476787,0.817479776180979,0.853887656324345,0.822940243298635,0.868165441052968,0.87304007209628,0.905892283480185,0.886387549741404,0.88418642798152,0.882709442461911,0.879884114362235,0.883112675978534,0.824357157053078,0.853276396995436,0.856782596545629,0.86444498348875,0,0.51148177404863,0.476426901972271,0.651484706658785,0.60291707743098,0.517567427127615,0.666505185043248,0.541589590858244,0.651885709687161,0.652179727483842,0.596796224959755,0.577505842209997,0.602630998019924,0.607377217385172,0.593314607337556,0.557912165440271,0.598192763009912,0.548962364398215,0.573310659628658,0.765384758208457,0.749692295006519,0.765278195650334,0.753497131534205,0.642339547733668,0.649932313598482,0.662651003376034,0.692598162173018,0.799613686848746,0.826046700574148,0.788964759927243,0.803169431914935,0.809708956980254,0.799852283823955,0.806399586492623,0.798723456782798,0.738802829901896,0.727198186224686,0.758202955099792,0.763819705791844,0.794893971144761,0.796620994156143,0.785027213307773,0.824706295648322,0.662035528677532,0.765464497668255,0.660806399304901,0.750493365423626,0.832869145469674,0.813622623673683,0.857344596593536,0.872864638412803,0.798266531785527,0.79629865678125,0.728108091131731,0.785963089227586,0.80637569357484,0.81244190067492,0.811388474157609,0.871258278384869,0.803197738566052,0.874137660087872,0.784580517952059,0.709059091569579,0.755711832474337,0.861368253127107,0.89836317475555,0.860481399988429,0.84452448420494,0.855700990722299,0.828420527951514,0.816613335210534,0.866001852804475,0.848041656478062,0.879192862879136,0.842556605189502,0.832456126217921,0.891593687218368
"X2D02",0.784839269111633,0.68499985094553,0.809850202733717,0.806709760608265,0.830544912802849,0.805710197596928,0.840398650062315,0.80977118008571,0.870744062615592,0.86442691931156,0.899309126272489,0.88310115622985,0.875559634367111,0.875790232731278,0.881304835053831,0.881290621153276,0.821281168317108,0.849310708991579,0.84298441760716,0.856631994714334,0.51148177404863,0,0.532043844173839,0.707992567529261,0.679351628817281,0.620649762530274,0.71073839705132,0.602198118843663,0.655913340683177,0.681775030945465,0.605347184040518,0.639785460336986,0.624348232906178,0.650788912167222,0.606011778126208,0.581181427751914,0.615250328167509,0.618650262204431,0.588309649694344,0.780881934893464,0.747613171229577,0.777834574734357,0.773838413355973,0.697150025715621,0.702540057568933,0.702390155221781,0.731195548835471,0.819814427126152,0.832984415552158,0.805653598508388,0.808309624126303,0.820825629475744,0.803698675232955,0.806853120112793,0.796239364274899,0.755333537044555,0.757410574627889,0.767496753511175,0.778661669465398,0.788910946482923,0.783884903817524,0.771006069993572,0.79790740574373,0.694344604640818,0.760275239656055,0.700226060457896,0.759081758816867,0.833568327165644,0.814025322595911,0.855553734230466,0.881067110404928,0.80286370277894,0.810704570951337,0.724492687669771,0.775140045402858,0.803694006155743,0.800610126409871,0.827079586868726,0.866970213674593,0.793697366987263,0.870609451071808,0.808057915746203,0.730659656617985,0.77762305427272,0.85868631122987,0.893893922360597,0.862121472562058,0.848234923876161,0.859744146294436,0.826098395385621,0.834024318036317,0.86959173366186,0.848422682886062,0.870378417688983,0.82925381712512,0.827592590325521,0.884282875457659
