"","X1D01","X1D02","X1D03","X1D04","X1G02","X1G03","X1G04","X1P01","X1P02","X1P04","X1S01","X1S02","X1S03","X1S04","X1W01","X1W02","X1W03","X1W04","X2D01","X2D02","X2D03","X2D04","X2G01","X2G02","X2G03","X2G04","X2P01","X2P02","X2P04","X2S01","X2S02","X2S03","X2S04","X2W01","X2W02","X2W03","X2W04","X3D01","X3D02","X3D03","X3D04","X3G01","X3G02","X3G03","X3G04","X3P01","X3P02","X3P03","X3S01","X3S02","X3S03","X3S04","X3W01","X3W02","X3W03","X3W04","X4D01","X4D02","X4D03","X4G01","X4G02","X4G03","X4G04","X4P01","X4P02","X4P03","X4P04","X4S01","X4S02","X4S03","X4S04","X4W01","X4W02","X4W03","X4W04","X5D01","X5D02","X5D03","X5D04","X5G01","X5G03","X5P01","X5P02","X5P03","X5P04","X5S01","X5S02","X5S03","X5S04","X5W01","X5W02","X5W03","X5W04"
"X1D01",0,0.547169811320755,0.574324324324324,0.513888888888889,0.873125045730592,0.88,0.87719298245614,0.933805776625235,0.918685991495478,0.925373134328358,0.933097762073027,0.918816495621881,0.916512951592927,0.899441340782123,0.801033764291057,0.816231428311002,0.805756223254958,0.80195628258478,0.586002856559886,0.583592132505176,0.576806722689076,0.60989010989011,0.789142867106043,0.909090909090909,0.910862818125388,0.90625,0.933902501183238,0.944325226514068,0.94089789520824,0.927184466019418,0.930434782608696,0.934307867406459,0.927480916030534,0.831753235082674,0.831796941376381,0.834905660377358,0.819632132132132,0.664516129032258,0.646616541353383,0.762162162162162,0.625,0.888294711824124,0.894604601957154,0.908,0.89973544973545,0.950617283950617,0.954624643649034,0.951388888888889,0.957671826009058,0.938848920863309,0.947368421052632,0.939163498098859,0.81,0.804939024390244,0.841956586381207,0.823781873264327,0.59544067026044,0.568627450980392,0.568968797564688,0.826815642458101,0.87301459324357,0.890441896459143,0.88921188630491,0.956043743720535,0.942256820060623,0.956190856990537,0.950570342205323,0.946471702581103,0.933920704845815,0.952940915935867,0.941747353180708,0.821605374823197,0.774358974358974,0.819146624166908,0.792035398230089,0.698185569191705,0.699990485704771,0.688311688311688,0.737215378872714,0.890299809851267,0.878480233810183,0.962105095202638,0.961783267219618,0.948412698412698,0.962894120886686,0.956359922448414,0.964980544747082,0.963854875283447,0.965583048170571,0.802056895093063,0.830517225194781,0.819830878341517,0.812341370558376
"X1D02",0.547169811320755,0,0.553979015334948,0.452380952380952,0.859375,0.870192307692308,0.862244897959184,0.9278128380815,0.912772585669782,0.920792079207921,0.932907348242812,0.915011384156395,0.913913683124183,0.909089030765099,0.793257382943482,0.787939393939394,0.803245769965106,0.790598290598291,0.546875,0.556179775280899,0.546419920004507,0.561148182236539,0.782215340010543,0.901869158878505,0.900226244343892,0.888888888888889,0.927508573957296,0.944554238032499,0.945736434108527,0.931034482758621,0.936009634684866,0.936733877020063,0.921789814281282,0.816282923425781,0.838842975206612,0.830645161290323,0.804734188247012,0.585909725749111,0.646341463414634,0.755656108597285,0.607039636663914,0.879546957671958,0.88936170212766,0.904424479362454,0.886620732208967,0.952299691207541,0.956454015982663,0.955974842767296,0.956922669090358,0.942028835183072,0.944271911663216,0.941480033179287,0.801705950822057,0.788891961834022,0.837641768562821,0.804734188247012,0.470294117647059,0.497175141242938,0.496932515337423,0.817532350826743,0.862433862433862,0.872037914691943,0.868020304568528,0.959632891618186,0.950450450450451,0.957446808510638,0.950083056478405,0.954732510288066,0.942856935535367,0.952380952380952,0.942176870748299,0.787283570604078,0.753456514813635,0.789569417938931,0.762000768049155,0.680236686390533,0.672514619883041,0.674033149171271,0.694126198470112,0.885349801658853,0.862608589753999,0.967032524688708,0.966728167281673,0.948186373941057,0.967050981413931,0.95992700729927,0.966777408637874,0.967567462275667,0.967373485767814,0.790393013100437,0.811439459303998,0.808511827572329,0.798206278026906
"X1D03",0.574324324324324,0.553979015334948,0,0.518634259259259,0.805714285714286,0.82967032967033,0.818181818181818,0.889400921658986,0.881861984935755,0.868131868131868,0.906735473093903,0.863545089448704,0.871086118949425,0.869450807155323,0.787587731291587,0.800005796653399,0.797356828193833,0.776222560312975,0.638249278769099,0.628892455858748,0.609375,0.628712871287129,0.784313725490196,0.873710792131845,0.872340425531915,0.860348258706468,0.909465020576132,0.916492329149233,0.905492402273518,0.898103200287666,0.912,0.902323468328141,0.897058823529412,0.823788546255507,0.831896551724138,0.841565040650406,0.808096797671033,0.632833107578242,0.699677445696554,0.767326732673267,0.660919540229885,0.828203914141414,0.842105263157895,0.850196850393701,0.826423200859291,0.928436657681941,0.927958621663607,0.933333333333333,0.939086120018323,0.919055419055419,0.925488259820057,0.913978494623656,0.809307359307359,0.802319543015406,0.827225130890052,0.810021968825191,0.598971552453469,0.496913462637656,0.58641975308642,0.767381667381667,0.807453416149068,0.813186813186813,0.822857142857143,0.937238493723849,0.91,0.932092665788318,0.927404479578393,0.922018348623853,0.915966386554622,0.929359479162606,0.914338622870776,0.793990173149956,0.758454106280193,0.810591729722554,0.791836734693878,0.722401433691756,0.709876543209876,0.71260926423016,0.724775449101796,0.844830097087379,0.830845771144279,0.937743190661479,0.937629668049793,0.924812030075188,0.944953943115708,0.93542254384889,0.942652329749104,0.945098039215686,0.942028985507246,0.794392523364486,0.804446640316205,0.814725795531483,0.802955665024631
"X1D04",0.513888888888889,0.452380952380952,0.518634259259259,0,0.869948232248956,0.880955048312561,0.878379958490456,0.920632796739265,0.90605249008329,0.916666666666667,0.932432432432432,0.915441176470588,0.908777856804173,0.898058252427185,0.789473684210526,0.804494949494949,0.81104158401558,0.798245614035088,0.551442736185383,0.548199767711963,0.523658718330849,0.534391534391534,0.776492869875223,0.90973820807944,0.909090909090909,0.896954938352859,0.931725806451613,0.936608398633715,0.941422594142259,0.926406926406926,0.929411764705882,0.927793751198007,0.918327664847478,0.824414592967775,0.836820083682008,0.840490130478421,0.792662211603076,0.541784974292073,0.581945563613573,0.728388278388278,0.576805096743747,0.881796029687919,0.887931034482759,0.896487631542982,0.891567524862905,0.945453824182799,0.943615101977954,0.950900032144005,0.949916387959866,0.937189911044084,0.943364779874214,0.938738539854037,0.787674374960902,0.7808871493803,0.8125,0.796264268419232,0.451795152177875,0.519261948399831,0.463087248322148,0.8276687015344,0.867052023121387,0.880191387559809,0.878453038674033,0.947153598281418,0.930520664006699,0.94394537544312,0.9375,0.937357357357357,0.936,0.942267795803149,0.929078014184397,0.774193548387097,0.75,0.790223018717642,0.761093218822687,0.656345858895706,0.644666534731842,0.634954751131222,0.672958214624881,0.883408071748879,0.868053173241853,0.958015267175573,0.957528957528958,0.940245861131702,0.957968347442032,0.954198473282443,0.957820607857672,0.961239727776693,0.957746478873239,0.785717319740894,0.797297297297297,0.785551206784084,0.786929285345596
"X1G02",0.873125045730592,0.859375,0.805714285714286,0.869948232248956,0,0.44894413258487,0.4,0.886847356168939,0.892532855436081,0.875,0.91312551271534,0.853827431722237,0.872427983539095,0.882534495279593,0.81697911388842,0.821948781416603,0.840850602736015,0.813600832445054,0.878048780487805,0.881720430107527,0.863414634146341,0.853211009174312,0.818565400843882,0.597068613765704,0.610294117647059,0.578770818672296,0.883720930232558,0.90369972666927,0.867683621672019,0.886486486486486,0.892134286753121,0.880829015544041,0.890045638508568,0.829080636342333,0.822946210877245,0.850233644859813,0.833333333333333,0.883329732399148,0.9,0.919501619973318,0.883977900552486,0.603501773049645,0.657345511076564,0.755231900452489,0.646028368794326,0.949790794979079,0.939163498098859,0.960712281238839,0.952292132410375,0.940740740740741,0.942754736303123,0.924752180186963,0.874383997281091,0.868686868686869,0.880340909090909,0.861751152073733,0.903508771929825,0.85285994297933,0.898305084745763,0.521898976982097,0.512931995540691,0.535433070866142,0.491666666666667,0.944055640078244,0.93409883529644,0.946380311655454,0.93775826446281,0.935999544885653,0.926368934670643,0.942328042328042,0.921649151447131,0.861315078876309,0.82460517657381,0.859002597989382,0.853664777200441,0.9,0.910978444632291,0.886899051273851,0.912115193644489,0.64400369778973,0.68,0.961864406779661,0.952481806307147,0.953528892088214,0.9646364057434,0.95485120260905,0.958071094546605,0.960437840553387,0.9600796812749,0.844779792746114,0.865706191265893,0.872394702561876,0.870163383722706
"X1G03",0.88,0.870192307692308,0.82967032967033,0.880955048312561,0.44894413258487,0,0.425114754098361,0.888324873096447,0.898625023625024,0.8831436752074,0.902877697841727,0.857142857142857,0.874045801526718,0.886746068102,0.82843137254902,0.830630572425378,0.846491228070175,0.830517225194781,0.871111111111111,0.88265306122449,0.861497585606244,0.851611649766857,0.8,0.568419237212969,0.575865677321157,0.536919403522998,0.877729257641921,0.897258845126836,0.858536585365854,0.868686868686869,0.876114009622607,0.864660804020101,0.876247011952191,0.821757026175317,0.814216563190571,0.837887162373553,0.830742505459599,0.892665130568356,0.914974182444062,0.927272727272727,0.897435897435897,0.614394457748888,0.65000519049102,0.732718894009217,0.62987012987013,0.948103585657371,0.933097762073027,0.960148937706022,0.952135493372607,0.941880172051054,0.946398509573298,0.925925644455253,0.877881163299556,0.870813397129187,0.890667691256831,0.867228425696168,0.905172413793104,0.862745098039216,0.913609548634929,0.541095890410959,0.521200143729788,0.55,0.516129032258065,0.942432353690957,0.936339074636947,0.946419250443679,0.939962265213596,0.93580207774472,0.926406926406926,0.938965790865808,0.917807904411765,0.882882882882883,0.844985106755776,0.86902538562634,0.864580439010836,0.908571428571429,0.927228817504655,0.902173913043478,0.925009269558769,0.651286483611462,0.709196617336152,0.955734227231507,0.951859725733548,0.954022988505747,0.96383257030739,0.950617283950617,0.957528957528958,0.957983193277311,0.953934571175951,0.862472281403539,0.880537912648004,0.884048821548822,0.880597014925373
"X1G04",0.87719298245614,0.862244897959184,0.818181818181818,0.878379958490456,0.4,0.425114754098361,0,0.897697540554683,0.894442538593482,0.889763779527559,0.913601449667334,0.85523338890212,0.87109375,0.884615384615385,0.821805575208717,0.831334541904895,0.844280364084574,0.826086956521739,0.866995073891626,0.877983226387482,0.855745311902028,0.84896946085208,0.792290336781862,0.553493568781338,0.55132584529875,0.507407813871817,0.87962962962963,0.89780961401847,0.869346733668342,0.877659574468085,0.871559633027523,0.872067648663393,0.881049960967994,0.83495145631068,0.819708704196047,0.840687865022713,0.83863734992044,0.89095104617911,0.9,0.91588785046729,0.888297872340425,0.559452188799217,0.621794871794872,0.728155339805825,0.601374976374976,0.952191235059761,0.932484305649966,0.959005958140245,0.951310178431152,0.940324692327834,0.942446043165468,0.922155067933916,0.880382775119617,0.869565217391304,0.885151686451856,0.860814529444139,0.907488986784141,0.861406619385343,0.908355129322871,0.49645390070922,0.512931995540691,0.503875968992248,0.47478813559322,0.946264902110905,0.938547486033519,0.951482127288579,0.939879518072289,0.94,0.933774511714943,0.942307692307692,0.923694779116466,0.875598086124402,0.841565452091768,0.861996825854855,0.864628820960699,0.89473583314163,0.911857195708472,0.879310344827586,0.914198071866783,0.606559139784946,0.658064516129032,0.961290143554832,0.956615847920196,0.953348611752292,0.965384615384615,0.953388993625999,0.959758388392279,0.960264707028966,0.958095086059269,0.856089743589744,0.869158878504673,0.876288659793814,0.875310945273632
"X1P01",0.933805776625235,0.9278128380815,0.889400921658986,0.920632796739265,0.886847356168939,0.888324873096447,0.897697540554683,0,0.598360655737705,0.548837209302326,0.628696194635059,0.566833321079332,0.615391642761872,0.612998466257669,0.873362445414847,0.880902988598799,0.878787384092987,0.873362445414847,0.948411886052627,0.94017094017094,0.941176470588235,0.944341181330029,0.9375,0.906253613635838,0.911489829576691,0.911965655082395,0.714619492656876,0.661495911495911,0.715711157559471,0.75,0.7,0.722958672162192,0.692474192474193,0.900398406374502,0.89980694980695,0.906614785992218,0.904030356616564,0.892523364485981,0.933161512027491,0.858404307391092,0.9294113739038,0.911832472006891,0.898230088495575,0.817460317460317,0.90521327014218,0.681607814342612,0.686391223155929,0.68000192027652,0.705272869207295,0.712299212598425,0.707270565711462,0.665960451977401,0.893302508056606,0.844980164784864,0.858179293171152,0.890358776443682,0.942748091603053,0.920529414057931,0.936073059360731,0.898617511520737,0.890410136311776,0.896039603960396,0.887999203549892,0.607897725698773,0.564518814518814,0.606711284625395,0.591346153846154,0.591179625592581,0.571810542398778,0.629213483146067,0.620932848736587,0.883620689655172,0.872564025983723,0.887640449438202,0.882135880182331,0.949238578680203,0.943901392332634,0.906862745098039,0.923074900063118,0.888142616912236,0.888372093023256,0.665036587115596,0.688118811881188,0.687090595671327,0.705882352941176,0.712918660287081,0.693157894736842,0.695036887994634,0.698237030133582,0.873938297988931,0.88622668579627,0.89008160002974,0.895424340231631
"X1P02",0.918685991495478,0.912772585669782,0.881861984935755,0.90605249008329,0.892532855436081,0.898625023625024,0.894442538593482,0.598360655737705,0,0.528881242831821,0.600335570469799,0.579236242002708,0.587026938851603,0.703630507978334,0.834984145663757,0.842103388623181,0.841598050059399,0.841426999842841,0.931851702280828,0.926331209690105,0.925074850299401,0.926553672316384,0.932486657057151,0.913188405797101,0.916949269447861,0.907437763643914,0.729019953051643,0.681733060946544,0.721102041915845,0.770759204952753,0.715037593984962,0.74678053774449,0.7003367003367,0.874813432835821,0.873065015479876,0.883508836187162,0.874439181338815,0.880794701986755,0.916230111352063,0.842103554617757,0.911513752258583,0.906040268456376,0.888351751950977,0.817637858611136,0.902318516325031,0.66549282676355,0.628901783980844,0.637707103613629,0.656957013574661,0.665070918377729,0.66825067274065,0.658741782954676,0.854168593003544,0.824012250154209,0.82331705245275,0.856269113149847,0.925815370526909,0.905149682022646,0.922297297297297,0.892916865742953,0.897810218978102,0.891228070175439,0.890909090909091,0.603921568627451,0.629238505747126,0.667333333333333,0.557932875667429,0.634342247036928,0.607006543075245,0.666666666666667,0.624127391649856,0.847133757961783,0.838709677419355,0.843843843843844,0.848255749668288,0.913357400722022,0.905429975429975,0.880003388025749,0.886485854570961,0.87,0.874374228308452,0.677932292260344,0.672727272727273,0.645614035087719,0.65000416413844,0.684399169967931,0.680070047821109,0.705572755417957,0.670055215010996,0.817134605780297,0.843849522292994,0.842016360472736,0.826598639455782
"X1P04",0.925373134328358,0.920792079207921,0.868131868131868,0.916666666666667,0.875,0.8831436752074,0.889763779527559,0.548837209302326,0.528881242831821,0,0.58626838134053,0.502092196719015,0.542693294141379,0.669683257918552,0.864583333333333,0.875629900797686,0.866127555055993,0.861251717819514,0.946791731974922,0.9419795221843,0.933014183675546,0.933130699088146,0.933609831499365,0.902071215775287,0.905026227415281,0.894366197183099,0.702290076335878,0.667984375,0.69047619047619,0.775147100028019,0.697143852316266,0.729684785306528,0.677637587118481,0.900486625777323,0.893618047368985,0.907955984029604,0.899053627760252,0.893047788510422,0.935727558604917,0.856378998968008,0.919923459042985,0.89311974789916,0.879643564853137,0.798690583344049,0.887005248971485,0.660341351001008,0.628070175438596,0.64538766270515,0.653844743052074,0.661045387327949,0.673333333333333,0.634861421606917,0.877247883399421,0.847634297774178,0.847035769646983,0.884735202492212,0.936363636363636,0.908162202811361,0.936395759717314,0.882352941176471,0.876039845281619,0.87593984962406,0.874485457286602,0.58386224305806,0.589807941557676,0.639720942140297,0.550491026606426,0.584863544474393,0.572631840266695,0.633831621423331,0.563599313599314,0.876273293355279,0.861827494806218,0.882897137643973,0.879573850959393,0.93142832264244,0.927237896203414,0.916356723124784,0.920386635277074,0.867757690338335,0.86703257320343,0.655038759689923,0.652866490107493,0.65321060144908,0.650822192513369,0.681905259491466,0.661184210526316,0.693334204110066,0.661234000656383,0.859619081951454,0.876030212272916,0.883880930635005,0.885469276094276
"X1S01",0.933097762073027,0.932907348242812,0.906735473093903,0.932432432432432,0.91312551271534,0.902877697841727,0.913601449667334,0.628696194635059,0.600335570469799,0.58626838134053,0,0.563242094738158,0.560977155573082,0.666666666666667,0.885001778093883,0.888888888888889,0.885758377425044,0.887835490055116,0.950693257359924,0.947449642625081,0.947368421052632,0.945589037301223,0.937333257446945,0.92198483457616,0.928698525673615,0.922552157420579,0.700374531835206,0.674251238957121,0.701923788383278,0.713709677419355,0.654063866891563,0.694444444444444,0.631205673758865,0.904393336281881,0.904256302210394,0.909365558912387,0.904907975460123,0.906574394463668,0.943714623637746,0.86189748360801,0.936430664524057,0.918918918918919,0.907130756198983,0.813504823151125,0.925399409404104,0.640595089471494,0.620276334435522,0.633279138416125,0.611605377619613,0.608241213151927,0.619132350449076,0.590912698937676,0.89540385774563,0.86567279128617,0.868763498182017,0.902402944147785,0.942313586409212,0.926228273963173,0.945945945945946,0.918623216856432,0.912350597609562,0.923774703557312,0.911651583710407,0.602874663323904,0.643835616438356,0.66519798136646,0.590905828824044,0.607368896925859,0.569620253164557,0.621797096155602,0.564961636828645,0.901587301587302,0.889967637540453,0.895279209023813,0.890714798850575,0.937856716926484,0.943944749934538,0.917662940954537,0.924098398432999,0.897350993377483,0.906464454756918,0.643971051356589,0.647167487684729,0.666666666666667,0.644281949934124,0.620148749154834,0.626838632922345,0.641324173151751,0.631483285093074,0.87647766323024,0.89547711781889,0.901551682979231,0.893218390804598
"X1S02",0.918816495621881,0.915011384156395,0.863545089448704,0.915441176470588,0.853827431722237,0.857142857142857,0.85523338890212,0.566833321079332,0.579236242002708,0.502092196719015,0.563242094738158,0,0.477455608379391,0.622169763427759,0.844444444444444,0.86013986013986,0.856893106893107,0.850276114710626,0.942664255164255,0.93784257105425,0.928327645051195,0.93046357615894,0.920118343195266,0.887525100401606,0.889813213420962,0.879447752097886,0.758813215208564,0.711580738954684,0.718495629910833,0.75593438584705,0.662627498305533,0.711450752062106,0.665391591820017,0.891652571255459,0.886725308874019,0.898989898989899,0.893937675768847,0.892430278884462,0.935414349276974,0.850187265917603,0.925049018082226,0.873175371843653,0.863458806818182,0.784452296819788,0.8714859437751,0.670634920634921,0.653710004939356,0.637711169427587,0.633830948925288,0.635858572053357,0.625683722684774,0.59349593495935,0.877224650072836,0.840651966770899,0.832292619432913,0.871454375167246,0.933554817275748,0.909604199177188,0.939047397904392,0.86569993851199,0.855171903412695,0.86873643074251,0.855875526181203,0.568807339449541,0.577540106951872,0.61025641025641,0.565758273180598,0.540733421168204,0.501207729468599,0.576570800512914,0.53765756302521,0.869253358325523,0.851580150989144,0.867986798679868,0.866558089033659,0.929311179501366,0.933747128013443,0.910386593661855,0.914232170379711,0.848302788844622,0.848360655737705,0.646446078431373,0.648824609733701,0.669926461500433,0.657691112722108,0.640259120604859,0.63580476900149,0.643798985707699,0.628682374011858,0.840740740740741,0.866537448059187,0.875494194677543,0.876865671641791
"X1S03",0.916512951592927,0.913913683124183,0.871086118949425,0.908777856804173,0.872427983539095,0.874045801526718,0.87109375,0.615391642761872,0.587026938851603,0.542693294141379,0.560977155573082,0.477455608379391,0,0.657657657657658,0.848013363560434,0.86,0.853622340656008,0.845001166783345,0.937602459016393,0.932088089473077,0.926282051282051,0.929112426035503,0.924895543175487,0.899447237576734,0.901307026307026,0.892857142857143,0.770980046948357,0.732837670384139,0.7561397489779,0.765625,0.683112487397379,0.732009409354947,0.676619958481613,0.889250814332248,0.890145109092807,0.900302114803625,0.890625,0.887502551541131,0.926356589147287,0.848380355276907,0.920962199312715,0.890943267259057,0.879371484470531,0.803253968253968,0.888689048760991,0.699080060341576,0.674496644295302,0.662764249397913,0.6579325428308,0.651441866862278,0.654109589041096,0.630434782608696,0.874799035369775,0.845094205474582,0.837428530588908,0.866251718196426,0.927819385650711,0.907096619515704,0.928825622775801,0.882448771296224,0.884860883797054,0.882135880182331,0.871231522302905,0.610279550957517,0.642529488859764,0.660232661529342,0.598498929818633,0.590199230067072,0.546032357473035,0.607532278381357,0.564885496183206,0.866339869281046,0.844680539987329,0.866459627329193,0.863850570208097,0.92382457587002,0.925788151501767,0.904059040590406,0.905882352941176,0.860958485958486,0.864866093461828,0.670433265236636,0.68836032388664,0.666666666666667,0.67486841780128,0.651332892707645,0.657467224016721,0.67816091954023,0.652649661773749,0.837167631506403,0.865793421193614,0.866311587939187,0.868055555555556
"X1S04",0.899441340782123,0.909089030765099,0.869450807155323,0.898058252427185,0.882534495279593,0.886746068102,0.884615384615385,0.612998466257669,0.703630507978334,0.669683257918552,0.666666666666667,0.622169763427759,0.657657657657658,0,0.856114280456386,0.867256637168142,0.867389002344755,0.855106325342002,0.927505000909256,0.919999557090974,0.924107142857143,0.925619834710744,0.927797833935018,0.912480288353233,0.917990752416982,0.913705583756345,0.748181383106006,0.717799615338382,0.747311827956989,0.739998693706933,0.691924990432453,0.688032990974167,0.718121746095314,0.887201204592509,0.878103216338511,0.894170462181737,0.885895117540687,0.884619432239733,0.909875456883715,0.840910830463069,0.91521144278607,0.912144116233107,0.893203883495146,0.825531914893617,0.912820512820513,0.721153846153846,0.747436329903862,0.740583136327817,0.733755274261603,0.719148936170213,0.749509803921569,0.698371672266736,0.873873873873874,0.838095238095238,0.829607892107892,0.884940022765082,0.925260510240747,0.906103286384977,0.913265306122449,0.887096774193548,0.89375,0.898876404494382,0.886955205811138,0.679246105556847,0.635448362269554,0.676088934604581,0.691948238677211,0.614415441465524,0.621468926553672,0.658682634730539,0.668269230769231,0.862472281403539,0.861244019138756,0.882591093117409,0.876545160837196,0.913653308480895,0.912424503882658,0.89010989010989,0.899408284023669,0.89077126217255,0.903221433500937,0.740196078431372,0.744308276074249,0.775515665527605,0.761061946902655,0.736846072666968,0.737327188940092,0.727038425492034,0.7325566301032,0.857142857142857,0.867880863428809,0.879227053140097,0.874101817498709
"X1W01",0.801033764291057,0.793257382943482,0.787587731291587,0.789473684210526,0.81697911388842,0.82843137254902,0.821805575208717,0.873362445414847,0.834984145663757,0.864583333333333,0.885001778093883,0.844444444444444,0.848013363560434,0.856114280456386,0,0.497474747474748,0.493637077769049,0.489129150419473,0.816283124128312,0.794517690253671,0.820673076923077,0.818181818181818,0.866888150609081,0.849056603773585,0.87290612057064,0.844748858447489,0.876739075444255,0.894196159476449,0.898373983739837,0.885031067595556,0.889305935044083,0.88406008583691,0.879215611974233,0.626795049963603,0.619389125083911,0.654626987362413,0.621807571385503,0.81042654028436,0.809010759957186,0.835112823335168,0.813102505480001,0.853827431722237,0.861107051516259,0.869962288459732,0.863636363636364,0.918479117415288,0.911475409836066,0.929856230031949,0.917851295771273,0.901273885350318,0.908805031446541,0.90450861195542,0.649163780532264,0.679157525230364,0.713554752931323,0.633706367162249,0.805668016194332,0.771035386631717,0.798994974874372,0.818804588024834,0.824175824175824,0.83743842364532,0.831183755137357,0.913132307325221,0.888372093023256,0.912581877729258,0.89583207745078,0.899141235441545,0.88845387680049,0.90697632839877,0.881626765576412,0.543815597183473,0.518425646283007,0.561927908591629,0.534768593138384,0.83756345177665,0.830769230769231,0.809522613065327,0.830881822770207,0.859649122807018,0.84597288676236,0.933944731738849,0.932604191569049,0.916230111352063,0.935962185962186,0.914498141263941,0.931034482758621,0.932115234322365,0.93046357615894,0.652674494455316,0.660421237384818,0.642857142857143,0.670000750168788
"X1W02",0.816231428311002,0.787939393939394,0.800005796653399,0.804494949494949,0.821948781416603,0.830630572425378,0.831334541904895,0.880902988598799,0.842103388623181,0.875629900797686,0.888888888888889,0.86013986013986,0.86,0.867256637168142,0.497474747474748,0,0.431869875694261,0.450261780104712,0.802919079128757,0.785397926587885,0.818365102639296,0.807981492192019,0.865793421193614,0.852877514642221,0.875546018121125,0.844827586206896,0.87218045112782,0.887429247275492,0.894116018700787,0.869198312236287,0.88267982017982,0.878724380060729,0.867001916251857,0.548076923076923,0.536810508260359,0.564814814814815,0.525701495796484,0.814006052944106,0.827498687204621,0.855421686746988,0.827813730458852,0.866522988505747,0.8714859437751,0.88628762541806,0.872340425531915,0.922547066913264,0.908805031446541,0.928792569659443,0.920435731120591,0.912200956937799,0.911763013816843,0.903435155412647,0.595849338454972,0.663594470046083,0.721545574016709,0.583702064896755,0.80078125,0.776285748618121,0.80365296803653,0.830072188449848,0.836265549631886,0.854291066619834,0.846712302809228,0.917293233082707,0.901965811965812,0.916317991631799,0.901338166845686,0.902439024390244,0.89073756432247,0.910931174089069,0.892976588628763,0.536408624955815,0.462765957446809,0.493181677307382,0.473557081108569,0.84351811958447,0.846153846153846,0.830142883311962,0.839714233376076,0.873469387755102,0.872645622602023,0.932761061736327,0.930795847750865,0.921277169031794,0.936900832940437,0.918959917193133,0.935751064569392,0.930795847750865,0.929968152866242,0.643182147215156,0.605569194986432,0.63,0.665094339622642
"X1W03",0.805756223254958,0.803245769965106,0.797356828193833,0.81104158401558,0.840850602736015,0.846491228070175,0.844280364084574,0.878787384092987,0.841598050059399,0.866127555055993,0.885758377425044,0.856893106893107,0.853622340656008,0.867389002344755,0.493637077769049,0.431869875694261,0,0.417989417989418,0.820662086575876,0.808916336098089,0.827309236947791,0.811808118081181,0.865694233488713,0.861229204278532,0.877683194221805,0.865954826205872,0.867924528301887,0.888045294761713,0.891385767790262,0.885714285714286,0.88786354601874,0.885931558935361,0.875,0.596328343754605,0.542654986522911,0.597285067873303,0.58796976070479,0.837553418803419,0.84037558685446,0.856310137845746,0.83480201863354,0.873931311655097,0.8714859437751,0.889261744966443,0.876332060374614,0.91780436312456,0.912575301204819,0.930886781350594,0.921898460960961,0.907153185888285,0.91131498470948,0.903595731270898,0.645161290322581,0.696040372670808,0.754126409017713,0.594882147533828,0.811065782763896,0.793176196711771,0.823008849557522,0.838496485009889,0.837036043505828,0.85235423762773,0.852737869341285,0.914928916731028,0.9004329004329,0.91925993275235,0.896257420930206,0.901574803149606,0.893577623357035,0.909980085784314,0.884421095170742,0.559607276517125,0.494974747474747,0.53125,0.490867389491243,0.847222222222222,0.859518192541512,0.84910197869102,0.849414815799973,0.875251004016064,0.87551867219917,0.936056636632089,0.935599078341014,0.92218760968761,0.939199844351602,0.921146953405018,0.938211218748678,0.933338400729705,0.932366974380251,0.672769166317553,0.650909312332548,0.657073844030366,0.683720930232558
"X1W04",0.80195628258478,0.790598290598291,0.776222560312975,0.798245614035088,0.813600832445054,0.830517225194781,0.826086956521739,0.873362445414847,0.841426999842841,0.861251717819514,0.887835490055116,0.850276114710626,0.845001166783345,0.855106325342002,0.489129150419473,0.450261780104712,0.417989417989418,0,0.811244979919679,0.792414095511441,0.819302419763086,0.810177099610871,0.868243243243243,0.85972850678733,0.872196407378352,0.850877192982456,0.866404199475066,0.889979928979466,0.888015444015444,0.875259336099585,0.881452203191334,0.881456904403428,0.873684210526316,0.588535936927026,0.578315212340861,0.615231759930291,0.553488372093023,0.819997629208156,0.829207010663071,0.857715543558598,0.837143217984339,0.85972850678733,0.855371900826446,0.873737144671346,0.863835725677831,0.921708185053381,0.91795166858458,0.9309777676951,0.923795005807201,0.909375,0.91741766122703,0.901505352363961,0.623831367409349,0.681614349775785,0.721649484536083,0.607933364398882,0.811504842901016,0.770456236052566,0.816231428311002,0.815315315315315,0.821805575208717,0.837320574162679,0.830644461792003,0.916505833213308,0.897777777777778,0.916308775551582,0.89883572497579,0.905065545739527,0.89272030651341,0.91249392318911,0.888888888888889,0.527921659579951,0.468673803151948,0.522233440147491,0.497548489436874,0.844669811320755,0.855443208628244,0.83253522740291,0.843752167379494,0.865827502549137,0.85653091175931,0.935711005663554,0.934545454545455,0.92218760968761,0.938944901629517,0.921847000328109,0.936560758082497,0.930656934306569,0.933993399339934,0.652777777777778,0.623222109875295,0.648776656511805,0.672897196261682
"X2D01",0.586002856559886,0.546875,0.638249278769099,0.551442736185383,0.878048780487805,0.871111111111111,0.866995073891626,0.948411886052627,0.931851702280828,0.946791731974922,0.950693257359924,0.942664255164255,0.937602459016393,0.927505000909256,0.816283124128312,0.802919079128757,0.820662086575876,0.811244979919679,0,0.508288304789816,0.428571428571429,0.469848484848485,0.741757799396176,0.888650453028135,0.891891891891892,0.873390083466917,0.923635353855919,0.940842811315252,0.937145969498911,0.916500664010624,0.924832764672072,0.917144640256768,0.919097517228358,0.779591836734694,0.793650793650794,0.785425101214575,0.764823060698383,0.6,0.653179190751445,0.752749502749503,0.575336295940428,0.87021137857958,0.877551020408163,0.898801676240701,0.885031067595556,0.960912052117264,0.960176202360624,0.964391377852916,0.965988451057193,0.949554896142433,0.955947041573228,0.954173363334405,0.8,0.803312984429659,0.854585502603124,0.814311594202899,0.477272147539729,0.552697699021423,0.576505016722408,0.819862516544981,0.875310945273632,0.870162763660522,0.884615384615385,0.969820389577536,0.958333333333333,0.967413306786129,0.961165048543689,0.963636215227896,0.952378396511238,0.963553194628892,0.949044585987261,0.808549136786189,0.788007190549563,0.790035587188612,0.781242844713102,0.699206349206349,0.725071225071225,0.714642857142857,0.748677100540359,0.878787384092987,0.884297520661157,0.97310916774004,0.972222222222222,0.956882136806671,0.974763406940063,0.969178082191781,0.97448159378116,0.973333333333333,0.975077881619938,0.817250278311912,0.833647798742138,0.832266267493868,0.819751584844464
"X2D02",0.583592132505176,0.556179775280899,0.628892455858748,0.548199767711963,0.881720430107527,0.88265306122449,0.877983226387482,0.94017094017094,0.926331209690105,0.9419795221843,0.947449642625081,0.93784257105425,0.932088089473077,0.919999557090974,0.794517690253671,0.785397926587885,0.808916336098089,0.792414095511441,0.508288304789816,0,0.505525030525031,0.526178728070176,0.778210116731518,0.899267974487824,0.914008506113769,0.886255924170616,0.919027012850774,0.944223107569721,0.951119960179194,0.930434782608696,0.92578125,0.931179931179931,0.922671114405733,0.782314814814815,0.800847838192237,0.794536691761064,0.75560583207642,0.567083147404433,0.589220932341738,0.718516802419158,0.555545533265984,0.885253456221198,0.898454251296246,0.914854215918046,0.895980506125369,0.95264100862641,0.948553054662379,0.959527709527709,0.960591026747196,0.947107293510808,0.954983922829582,0.950530035335689,0.773036956170144,0.773366526904263,0.824431435528156,0.780791226418384,0.541451890034364,0.534683239775461,0.53416149068323,0.8140792399434,0.869337472111747,0.886138613861386,0.890650799977225,0.964285151882588,0.950248756218906,0.959820627802691,0.951219512195122,0.952991452991453,0.9453125,0.955653883972468,0.943661971830986,0.766510903426791,0.743961352657005,0.761705519027695,0.755230491797538,0.662420382165605,0.676829268292683,0.673452380952381,0.705885736196319,0.902930739109153,0.890952175786299,0.966101574691446,0.966164935340259,0.950530035335689,0.970099667774086,0.962335082990495,0.968641114982578,0.965973413379074,0.969230679321146,0.796878737144224,0.794759825327511,0.804239456993435,0.797135630298059
"X2D03",0.576806722689076,0.546419920004507,0.609375,0.523658718330849,0.863414634146341,0.861497585606244,0.855745311902028,0.941176470588235,0.925074850299401,0.933014183675546,0.947368421052632,0.928327645051195,0.926282051282051,0.924107142857143,0.820673076923077,0.818365102639296,0.827309236947791,0.819302419763086,0.428571428571429,0.505525030525031,0,0.466493955094991,0.74080832657475,0.88303022648817,0.878996767129002,0.862746401306544,0.928308649489416,0.947955390334572,0.939163498098859,0.925311203319502,0.926739926739927,0.923076923076923,0.917218543046358,0.804083333333333,0.819253938832252,0.811504842901016,0.791669291338583,0.58677435025504,0.63880373565267,0.736363636363636,0.563226744186047,0.857460317460317,0.868748263406502,0.88985703978183,0.875565796210958,0.956810631229236,0.954887116031694,0.962409420289855,0.964338072948865,0.948328267477204,0.954614117000824,0.946843853820598,0.799180327868853,0.804112664557608,0.833333333333333,0.796992481203007,0.47979797979798,0.539894745777099,0.578206530229652,0.804706533776301,0.853535353535354,0.854368932038835,0.86749699879952,0.96797153024911,0.956331877729258,0.967078189300411,0.95570068501103,0.957446649307114,0.953237410071943,0.962476415758497,0.949191189124075,0.811595445503807,0.789133602013207,0.794625224747252,0.785992217898833,0.678063510617573,0.70523679417122,0.7,0.731182795698925,0.865954826205872,0.865344121661143,0.96984916163498,0.967391304347826,0.953795379537954,0.971875,0.968365455893254,0.973154060110582,0.971119133574007,0.971697833331685,0.808510638297872,0.820408163265306,0.81538297954607,0.808888888888889
"X2D04",0.60989010989011,0.561148182236539,0.628712871287129,0.534391534391534,0.853211009174312,0.851611649766857,0.84896946085208,0.944341181330029,0.926553672316384,0.933130699088146,0.945589037301223,0.93046357615894,0.929112426035503,0.925619834710744,0.818181818181818,0.807981492192019,0.811808118081181,0.810177099610871,0.469848484848485,0.526178728070176,0.466493955094991,0,0.707494317422115,0.858369098712446,0.858407079646018,0.843881856540084,0.922141556450067,0.939716312056738,0.920289855072464,0.922480620155039,0.924397732640529,0.919074844074844,0.916408312137064,0.776923076923077,0.801527273787144,0.786259541984733,0.760905895234253,0.598984771573604,0.645438079449868,0.749485596707819,0.606591395354832,0.839744643542112,0.839357429718876,0.879336729117023,0.855017471063551,0.961661341853035,0.95355578024941,0.964444366407389,0.965467554407234,0.946428096904203,0.955861984993075,0.949685534591195,0.799606299212599,0.800796812749004,0.835845004668534,0.789181469871125,0.495412844036697,0.556701030927835,0.56989247311828,0.787470468105554,0.848780487804878,0.84070796460177,0.860086722236255,0.96875,0.955555374167429,0.964912147373541,0.95517604286261,0.956280526651094,0.951724137931034,0.960572970195272,0.950310559006211,0.8,0.77639703612226,0.776586487258747,0.775140449438202,0.693335040109234,0.717277486910995,0.719597259193532,0.739022435897436,0.851403225806452,0.851151749604361,0.971199336432711,0.972788800832996,0.953051528213166,0.973053892215569,0.967213114754098,0.971875,0.973063973063973,0.969788519637462,0.801571860910382,0.809900244682853,0.805909803362782,0.814580403187998
"X2G01",0.789142867106043,0.782215340010543,0.784313725490196,0.776492869875223,0.818565400843882,0.8,0.792290336781862,0.9375,0.932486657057151,0.933609831499365,0.937333257446945,0.920118343195266,0.924895543175487,0.927797833935018,0.866888150609081,0.865793421193614,0.865694233488713,0.868243243243243,0.741757799396176,0.778210116731518,0.74080832657475,0.707494317422115,0,0.733328702417338,0.732904734073641,0.715765277132083,0.90297315830721,0.92634603426464,0.903654485049834,0.917414455532348,0.909516160436137,0.903614172295296,0.914162914449447,0.848779404298528,0.854785478547855,0.836668000533547,0.850162866449511,0.821228430339011,0.853061224489796,0.889643639718602,0.823303167420814,0.780196078431373,0.76254901083829,0.848160764865857,0.81201262114041,0.959124000477384,0.951444564700367,0.961538208666724,0.960835242146597,0.949221374045802,0.950713276360945,0.947944814748093,0.891231455413912,0.894039735099338,0.924731182795699,0.875766986636552,0.771626297577855,0.780719187875322,0.796483297578915,0.756641683675177,0.826753246753247,0.790322580645161,0.818747720998073,0.96335869321996,0.958477011494253,0.963930936613056,0.955244667699482,0.956593235077705,0.950077881619938,0.960783894911091,0.952314071696094,0.898526733097611,0.883247422680412,0.868499753564954,0.881382302273773,0.876247011952191,0.891631956496587,0.867173085793358,0.88671875,0.813688212927757,0.855072463768116,0.970326409495549,0.969511911733266,0.966339344726655,0.97030990471195,0.964232409381663,0.969401887960384,0.971222485383507,0.969738594738595,0.901475441661813,0.905717726673166,0.907562502825625,0.907409507393631
"X2G02",0.909090909090909,0.901869158878505,0.873710792131845,0.90973820807944,0.597068613765704,0.568419237212969,0.553493568781338,0.906253613635838,0.913188405797101,0.902071215775287,0.92198483457616,0.887525100401606,0.899447237576734,0.912480288353233,0.849056603773585,0.852877514642221,0.861229204278532,0.85972850678733,0.888650453028135,0.899267974487824,0.88303022648817,0.858369098712446,0.733328702417338,0,0.496268448900028,0.444444444444444,0.874467930953287,0.897378663003663,0.868544600938967,0.875644329896907,0.873691215616681,0.87192118226601,0.889320520170172,0.821757026175317,0.819809941520468,0.833333333333333,0.841992802519118,0.925742574257426,0.935133239831697,0.93630544536603,0.914141414141414,0.587668918918919,0.57666515973478,0.738261688233645,0.612903225806452,0.958490566037736,0.941379310344828,0.968531468531468,0.961739014711576,0.950790709167284,0.955781801353618,0.933579335793358,0.884700098328417,0.87691548641746,0.905940594059406,0.876984126984127,0.929896609189538,0.89534632034632,0.936585365853659,0.56809750927398,0.628787878787879,0.539576538800021,0.592980295566502,0.956896551724138,0.946808510638298,0.960879961740794,0.947760466702867,0.947368421052632,0.941052370315215,0.954022745529108,0.938556557945871,0.904138978545662,0.871335372069317,0.879681516764733,0.884617906972931,0.925714285714286,0.94475138121547,0.916448516579407,0.939651842860296,0.642857142857143,0.706741689035722,0.968379446640316,0.965367316341829,0.962476415758497,0.974264705882353,0.963854838709677,0.967032967032967,0.968688725490196,0.970037453183521,0.878378378378378,0.894736842105263,0.898058252427185,0.891567524862905
