"","X1D01","X1D02","X1G02","X1G03","X1G04","X1P02","X1S01","X1S02","X1S03","X1W01","X1W02","X1W03","X1W04","X2D01","X2D02","X2D03","X2D04","X2G01","X2G02","X2G04","X2P01","X2P02","X2P03","X2P04","X2S01","X2S02","X2S03","X2S04","X2W01","X2W02","X2W03","X2W04","X3D01","X3D03","X3D04","X3G01","X3G02","X3G03","X3G04","X3P01","X3P02","X3P03","X3P04","X3S01","X3S02","X3S03","X3S04","X3W01","X3W02","X3W03","X3W04","X4D01","X4D03","X4D04","X4G01","X4G03","X4G04","X4P01","X4P02","X4P03","X4P04","X4S01","X4S03","X4S04","X4W01","X4W02","X4W04","X5D01","X5D02","X5D03","X5D04","X5G01","X5G02","X5G03","X5G04","X5P01","X5P02","X5P03","X5P04","X5S01","X5S02","X5S03","X5S04","X5W01","X5W03","X5W04"
"X1D01",0,0.61883070912058,0.715232846881628,0.684478478342674,0.646848916256141,0.786842533975819,0.672911438738505,0.657525570441384,0.701917425244732,0.606815080240878,0.679831148470943,0.726878642593996,0.680507985761933,0.571365114901101,0.529555507700863,0.62630884797429,0.619685181999923,0.755730081173605,0.698493959491025,0.60730554815378,0.692347982597057,0.704929295186685,0.741971301602489,0.660820690178528,0.813282890762101,0.761789573283865,0.630864028080586,0.665647930434559,0.689965121380214,0.711290439766318,0.750851241413458,0.586955244118583,0.659348934998653,0.762345187006394,0.645659966026062,0.707838591077088,0.709899921775152,0.709209520630045,0.731823055463263,0.747984585951875,0.729526962697194,0.720543468576969,0.747691778300116,0.757199680254683,0.750912744942702,0.76479276886735,0.777791218401971,0.733744228472217,0.710081383465956,0.747951941691838,0.721041255748951,0.625715958987286,0.702498263667681,0.675332937901672,0.588027160441585,0.61143992692644,0.632891981190532,0.634229707001704,0.701208940873798,0.648688778850354,0.636756418405361,0.72289755289896,0.770037499846957,0.741434967151434,0.672716899240895,0.821880451793266,0.565458943671015,0.648791042090768,0.72868856813329,0.549422995567711,0.736969190898168,0.729327124553182,0.712475370111808,0.69971547396232,0.73116789306145,0.725930440309801,0.681655286624368,0.628281286862225,0.636288404934864,0.773778284191235,0.752855379782274,0.728586091549076,0.712899051781235,0.736002690120143,0.704415554389815,0.730338689801408
"X1D02",0.61883070912058,0,0.81620573049488,0.780955371143974,0.743547807710822,0.531933104310597,0.737161717515315,0.483049758140915,0.457899844058419,0.668120986256034,0.696590157277182,0.755001487018072,0.537917430718541,0.476681119295973,0.477290815236563,0.530070457267987,0.556951204832616,0.630837742247604,0.498213250727932,0.614675438109451,0.646411660063383,0.59451879384484,0.672484324485375,0.582586943151669,0.651490433348705,0.623913532199009,0.678670446076898,0.619170374494762,0.615307236036374,0.578608095198972,0.636665547817723,0.582377318920115,0.675261147251167,0.758145476430024,0.636927244484174,0.619990598025842,0.61914740710668,0.638191640955651,0.61164102493436,0.69778415150634,0.691718856115508,0.665245733255225,0.69133168681612,0.667187846718205,0.684985422872578,0.679566052627,0.667963126851874,0.69715189549765,0.673391993857911,0.717160081180878,0.656381897426885,0.475061910403075,0.695515347755197,0.708322361401554,0.648270812984296,0.594410277384587,0.578583653883248,0.711093615392351,0.790245292928912,0.72057429467266,0.718847378135478,0.748865173286473,0.732548396411161,0.69226298271942,0.594793656351707,0.832164563228789,0.630837521203602,0.767972216182997,0.740317482034548,0.742612165039203,0.744408088451803,0.626678803720206,0.646052492592315,0.643081907870145,0.639578022804522,0.738125559605113,0.754969550211317,0.744594715584404,0.737529044486774,0.714009709476562,0.679766040467516,0.751252420489433,0.718896400898322,0.677323254885871,0.694525643229869,0.704468845777636
"X1G02",0.715232846881628,0.81620573049488,0,0.337421277195081,0.390432917587452,0.862012728128627,0.408050782708748,0.778972687852251,0.783120653262289,0.478808723714163,0.474720718239104,0.436133317146837,0.56597453748371,0.847996067749936,0.81787096882265,0.708323196044827,0.768913087193237,0.789517611403031,0.729327768622355,0.686803525450311,0.710635041864331,0.800091164887426,0.84361431954919,0.800182534315689,0.7844324289698,0.803940054907511,0.636196396049865,0.690412152424991,0.677676890532211,0.712395044425093,0.836064889007323,0.648591201169285,0.750663313178284,0.834777725264449,0.776775966859041,0.781829693019,0.77782866978771,0.798118391304836,0.802819672530301,0.795570108000291,0.802756787361893,0.831347846893568,0.801238461148357,0.796000580099892,0.848562118982632,0.842406489828466,0.803533588530598,0.723321733107199,0.759149569303242,0.767068342100238,0.780214525130538,0.744315407432759,0.528110544181642,0.503133943313716,0.348427539492687,0.482544958237972,0.55896038540043,0.56005800669608,0.397849085313545,0.740406089102192,0.586842576338822,0.48127585828283,0.596239645053063,0.617621788998117,0.586284594092188,0.438989650739152,0.497765294847364,0.860976233938149,0.797839692643503,0.832015585976813,0.790598873422463,0.788525784293378,0.778106499504972,0.724352914602608,0.793103501866101,0.768993873719096,0.846483872473991,0.776494583170873,0.847400732844659,0.738721733250301,0.787995369683441,0.788487627989836,0.78201853695875,0.74058675007481,0.690031507341071,0.726654147762053
"X1G03",0.684478478342674,0.780955371143974,0.337421277195081,0,0.328281014306204,0.83394876378662,0.562663644460113,0.747697220725234,0.743954286364389,0.613826715714943,0.641870348902974,0.613900419966198,0.650423016566811,0.82174597201803,0.797199713603564,0.676796136886169,0.742609786043398,0.791040402417818,0.714867104424427,0.68408511913567,0.718101709134214,0.756865448153115,0.827390580998238,0.778993562829319,0.782371413126517,0.760482255215569,0.632440916130149,0.682373745130514,0.67844280467881,0.734259816892363,0.808222677592976,0.626324701763999,0.745941671368326,0.826461737798829,0.781925960744382,0.760389049337935,0.760222643809685,0.777327245659447,0.779335674979782,0.773150745259629,0.790173734985165,0.812957050140079,0.782740838013805,0.782150815716735,0.829074757199689,0.823616671960777,0.811674927292763,0.736651959620582,0.752057251554376,0.754383210157947,0.76257846283756,0.748889721165705,0.686146278772932,0.681287301508648,0.451681436860168,0.56960448956668,0.606692053918219,0.712952844242676,0.598703166038236,0.729275395090762,0.642527112387006,0.678244736396071,0.744728735842199,0.719610845143546,0.678958070797157,0.651703164769792,0.620459673936308,0.835442663205113,0.781559014524561,0.814630086282528,0.783632306321146,0.761747814342675,0.757115181669944,0.70671882249653,0.767461938026726,0.781554171817801,0.831416614533855,0.776413204687338,0.831785176056421,0.750847025402279,0.768355252854281,0.778997181383332,0.768082567067554,0.76536022145165,0.739220766219631,0.753730757723894
"X1G04",0.646848916256141,0.743547807710822,0.390432917587452,0.328281014306204,0,0.814158379327929,0.547923246220803,0.678586015706916,0.698004076039914,0.530171041992529,0.58191210824799,0.610688589205502,0.600438249273185,0.741933231206689,0.748910012389027,0.59849564170264,0.681459125450278,0.731827304724732,0.674831147230245,0.598415025622751,0.671089548596829,0.734265434888913,0.770987133858852,0.720927932053929,0.758904895700804,0.767587173320475,0.594717302307316,0.637595634257173,0.630027100616946,0.709072313455728,0.761900891355791,0.553714295672461,0.702441401754884,0.777732408012334,0.723157856539472,0.6955203913147,0.689732605703006,0.722524177653218,0.715032904800457,0.748855300600952,0.747870590782865,0.779663543819662,0.7522434603911,0.75654547787086,0.785618155191535,0.78334727460376,0.779944416179839,0.688690829039928,0.700146541997638,0.705765367280221,0.711961612584141,0.710066394728966,0.691192348688594,0.683378357851218,0.423360613086642,0.515843797329086,0.575684819641748,0.696331265455838,0.596938443054845,0.710082650948147,0.647500990175289,0.697062594695263,0.758130608088174,0.731289957552842,0.669606181302877,0.677983503646222,0.604362869404072,0.791883901870346,0.75854356203894,0.757304356705135,0.780433060396408,0.713821101045264,0.696883747020514,0.668976045262696,0.717153628333207,0.756355721442856,0.809921407627542,0.770846383557987,0.799676671852257,0.748630518212411,0.762767844067839,0.761570658999699,0.757052662084349,0.721035659900735,0.704593777566429,0.719710552336285
"X1P02",0.786842533975819,0.531933104310597,0.862012728128627,0.83394876378662,0.814158379327929,0,0.728642919504144,0.497277499200461,0.382945626735189,0.739479618503243,0.794411549715423,0.808097229329328,0.593703951733784,0.699062995216423,0.700204192184714,0.647067250384694,0.662429691282208,0.650533316325229,0.54933471643505,0.689972326461667,0.629357453611077,0.617229863822124,0.714843612790034,0.638178263615263,0.636049347508093,0.609388816377291,0.683151968206237,0.609619627340779,0.642419185163737,0.634761136029738,0.655679873525028,0.658320169879106,0.683455949256268,0.738994327863365,0.619224987841132,0.644366792110222,0.650068104179255,0.632201236121382,0.653789861606286,0.644156184338432,0.628622384747608,0.624094318283951,0.666833993232606,0.641478680400233,0.659995146369486,0.646184156203985,0.610505280243541,0.667842672074142,0.647078922381065,0.718615407215954,0.643113706977614,0.65509364011556,0.7667160038197,0.770571991846821,0.719557752043645,0.672673238325631,0.660389872902709,0.690152362497733,0.820194907669767,0.71592592574945,0.706763058142955,0.789740779176691,0.677302304918265,0.702514260854225,0.64899267946223,0.842877105944163,0.700943462833374,0.774260911479424,0.781188569079621,0.769711359588782,0.765696035151103,0.630523484696451,0.649074185881236,0.630329091477233,0.637721102080487,0.6950903758273,0.729018915302184,0.723446647021164,0.724467626380365,0.670046390699843,0.626772244841693,0.747490616267686,0.696335198881695,0.638875445465947,0.67088849806034,0.648604323569768
"X1S01",0.672911438738505,0.737161717515315,0.408050782708748,0.562663644460113,0.547923246220803,0.728642919504144,0,0.671688013236841,0.659978945675233,0.375713060138461,0.385629410468285,0.400183870949748,0.510195252393905,0.783798808610259,0.764293149733249,0.691581451468697,0.684914051825386,0.69198257558356,0.66712131217927,0.650260642782174,0.550337680503765,0.666753953450424,0.746544597112932,0.680898148317561,0.676128737774367,0.661195720434336,0.519919588479231,0.614143588997392,0.603560873263871,0.601953930162095,0.732619218457806,0.621730806234761,0.685952317901959,0.78291956150493,0.691292531116291,0.719036645363372,0.710495702612452,0.725977633580988,0.736217541977295,0.688463136457424,0.682306413402702,0.702110935858021,0.685068324942825,0.67852976950441,0.735967739882891,0.725143553123846,0.679702506566557,0.649307964761078,0.663048392289724,0.708487600694889,0.694224936037256,0.691992575427222,0.457737967290872,0.443545356395925,0.468056254126297,0.489869589220203,0.567000289433324,0.424543346179759,0.362274171717115,0.60589742413712,0.47119432585069,0.367997805623209,0.395245939662749,0.475601770423416,0.522636890186524,0.437440779430557,0.455396324030781,0.802653585271347,0.742674902148071,0.739783774831809,0.744113910539335,0.712621341970923,0.705434393114324,0.654566568830649,0.717164024947297,0.65208565890513,0.738205062878645,0.657252160729939,0.733609641257808,0.59763537804612,0.635083192460479,0.693768942901263,0.664440065633676,0.659479233090385,0.635666462810581,0.647876313742704
"X1S02",0.657525570441384,0.483049758140915,0.778972687852251,0.747697220725234,0.678586015706916,0.497277499200461,0.671688013236841,0,0.307556985577201,0.605470888980252,0.762587215707622,0.801548840270319,0.564897382120063,0.545366352808939,0.612451383754591,0.477204296581429,0.494165477815012,0.58390184452875,0.492785734164498,0.530034869034076,0.647807297422599,0.587805900001757,0.584332602819668,0.51293401627328,0.659492403691119,0.638282544809149,0.643899483156259,0.549430253669092,0.571725708068484,0.590132933074608,0.618902700304548,0.527587234683146,0.66640730418028,0.7310119196969,0.626229602817715,0.59187292678743,0.559410699733276,0.615393789143041,0.586630366514657,0.69129363546957,0.664181605602737,0.658875571594515,0.691486110386561,0.674968496904258,0.648977287762547,0.666401634223916,0.658217745282342,0.690877038121571,0.646510190237056,0.731260249150191,0.65058481763763,0.613278053071626,0.779601738812454,0.774923079070095,0.621401951949753,0.576598111191877,0.591930556805192,0.669797491061514,0.808174177060305,0.702873791979799,0.67230891873479,0.79121247034248,0.699171097493758,0.718548410269517,0.648260540329857,0.870100304188769,0.655107957628773,0.731425132859875,0.778076950912614,0.707484159952201,0.794489093236995,0.629590289190712,0.650454806650817,0.662884845746508,0.65192388440278,0.708819232803005,0.706513254727668,0.715695293681235,0.695468083409204,0.731969878382715,0.692973681396784,0.752816507375446,0.700770850413108,0.689140578149977,0.72391108901504,0.716423084566752
"X1S03",0.701917425244732,0.457899844058419,0.783120653262289,0.743954286364389,0.698004076039914,0.382945626735189,0.659978945675233,0.307556985577201,0,0.659651513725013,0.763471317909671,0.794888866024287,0.51666626779176,0.59063711186436,0.641888266938632,0.472618843851647,0.549502055943467,0.61356734757932,0.468590611644757,0.568639550673842,0.630773999247722,0.569153243888275,0.643295007055135,0.545479839861888,0.659814201645949,0.619879032841298,0.636360400824827,0.568866312927583,0.587054677331143,0.584901092361048,0.621513919117202,0.553290611886335,0.661371478842288,0.746333789510246,0.649195269998833,0.588737575080109,0.581626063921453,0.605391310036864,0.570007894085545,0.677202308936914,0.65540733480352,0.639791992335122,0.638737735819375,0.628964169004956,0.647360884307974,0.643208897874975,0.634185241051364,0.689407134514575,0.663136408916357,0.690564665208859,0.662363228023431,0.614560683759954,0.761482306435281,0.759267457120444,0.609318646480299,0.542184527698897,0.539724429949726,0.675616639278611,0.792008800174219,0.702187291144611,0.644212691887155,0.778745616208824,0.648941602701362,0.667450738515229,0.629486296328777,0.843437312187542,0.667537774888136,0.733183609276331,0.737891694132825,0.729479615876037,0.750196215254331,0.585531152856946,0.61801121513341,0.613992925260934,0.603799341363673,0.69296404125097,0.733176368878423,0.70594750597935,0.705874938402137,0.674029791363176,0.626209488050717,0.733920190424705,0.682694228199479,0.67702068651096,0.704102248533296,0.708451512212887
"X1W01",0.606815080240878,0.668120986256034,0.478808723714163,0.613826715714943,0.530171041992529,0.739479618503243,0.375713060138461,0.605470888980252,0.659651513725013,0,0.374909435177858,0.392374203571297,0.450014255276122,0.665156342785906,0.661001976681238,0.609311646707256,0.607893539977674,0.63365581461144,0.614184653403088,0.582616592797028,0.594255507869172,0.678517800872151,0.704081636001902,0.632830067176845,0.684958755790321,0.696596202803418,0.557802816942121,0.621277199522762,0.587032908636669,0.578204000744087,0.703270692847786,0.58097517133226,0.653249359527247,0.744060367078833,0.638098699129147,0.661873856145645,0.640441620654391,0.683907217244251,0.693808306817226,0.710438592371296,0.697485329710583,0.734202370672749,0.736584655516375,0.730027023261595,0.746196436060536,0.742114816720094,0.72739638972931,0.634482911116114,0.642041364280647,0.707530846233921,0.637520285276123,0.612383108980263,0.44599736232614,0.435086394944248,0.474929404683433,0.473586096392801,0.530049657976037,0.506989481697847,0.390816553894198,0.657037069029921,0.555488879218432,0.474154245713083,0.573153148027629,0.583687696075675,0.526114334945591,0.478701686437326,0.397043054673399,0.761271845007522,0.752037380577211,0.702548852485593,0.778735878918105,0.694005479571023,0.675050406567401,0.653223005244454,0.694462206156349,0.711520813263053,0.760187707656141,0.720904661593649,0.760271212148492,0.705854174796325,0.736464527743352,0.728471220367439,0.713763699022421,0.656800847001011,0.630648452475911,0.647507044425946
"X1W02",0.679831148470943,0.696590157277182,0.474720718239104,0.641870348902974,0.58191210824799,0.794411549715423,0.385629410468285,0.762587215707622,0.763471317909671,0.374909435177858,0,0.309753235444974,0.507904078646317,0.73950086677185,0.689207120782323,0.724070724197022,0.703880582073896,0.710895071315566,0.718709939696662,0.703412351343201,0.626481774022973,0.743183610009402,0.790445424013193,0.757683486814958,0.706418431614813,0.731649823843517,0.642551631233377,0.710518352447023,0.684393400245132,0.636727795734179,0.772217369364728,0.667587671246481,0.699739355477492,0.796028980890775,0.696108301246837,0.73883883659809,0.739437619475595,0.748558078055876,0.75848988928556,0.751983918074493,0.755218642975055,0.789311532879045,0.759431550073613,0.747527037207536,0.796771979507011,0.794410469504265,0.750521413128662,0.685619927353234,0.698945188702324,0.720073123031827,0.701043585264189,0.658334797025418,0.420077074523661,0.390465135008507,0.544138704141757,0.55565911563609,0.607002426530157,0.528928497250144,0.336916234759948,0.698542041941112,0.628304383858176,0.419394166712104,0.562293113646312,0.573990419916786,0.540463407964206,0.366070898109888,0.460661719727512,0.827409471010827,0.750815439750705,0.743630594168935,0.77052461866073,0.741014752589766,0.72894569996017,0.706527647205573,0.748889267735054,0.74814096198257,0.815308603184732,0.763334510605761,0.804380156127814,0.708812521946985,0.749127108489687,0.76587109556782,0.751587016174944,0.684338575655547,0.662076282109819,0.692190075540037
"X1W03",0.726878642593996,0.755001487018072,0.436133317146837,0.613900419966198,0.610688589205502,0.808097229329328,0.400183870949748,0.801548840270319,0.794888866024287,0.392374203571297,0.309753235444974,0,0.49280052583867,0.822082600955842,0.770871400780844,0.750597676540954,0.757187429922203,0.745877208580012,0.724593080992635,0.729091886586875,0.632508772295175,0.760827953014673,0.82853808981168,0.787326921891912,0.732082905461016,0.731752817200506,0.665313928560717,0.74324447354693,0.708654857675403,0.649846499415338,0.799224081080241,0.720807835325724,0.706962168325047,0.793764438034168,0.713521752862365,0.758018280768553,0.759570939229177,0.753343521546365,0.77923727290942,0.759116089143897,0.759690490277607,0.788870673883736,0.759167383932117,0.759033792683348,0.809904287739875,0.804645831433391,0.758573603664747,0.700626079865419,0.714710340817213,0.717176931034238,0.712714048448897,0.660362825875431,0.343745742815563,0.334235344606517,0.51430889464421,0.545529580294012,0.585055395401228,0.511688567119805,0.287294993559431,0.695647191884458,0.636208198496667,0.335983740578597,0.524886680833627,0.542500530009187,0.533810539141457,0.278189035974021,0.455379001190353,0.813020987225428,0.744492023129501,0.765810900928139,0.758611809669613,0.7470192527727,0.717563890212634,0.700024326078729,0.731498169786625,0.748110248107042,0.81116547158401,0.757986749995062,0.813024015710671,0.707300202072383,0.754024386268864,0.767975564502076,0.752148273278988,0.679445451956893,0.643552338982578,0.686617141119824
"X1W04",0.680507985761933,0.537917430718541,0.56597453748371,0.650423016566811,0.600438249273185,0.593703951733784,0.510195252393905,0.564897382120063,0.51666626779176,0.450014255276122,0.507904078646317,0.49280052583867,0,0.670885279187985,0.642046483761744,0.592184698032204,0.632907873628631,0.656876413837137,0.533395965016424,0.610916635374173,0.584193697610831,0.624409975725975,0.73129892833312,0.649219907973444,0.654596001375736,0.636350785651262,0.61328829309849,0.645059715098541,0.611507020503139,0.547124193782003,0.690355456382802,0.57705589842193,0.688434915208559,0.769769080365663,0.657227265603787,0.665125801104411,0.652592265778766,0.682182181620103,0.669793068675895,0.722003807817493,0.724134349202208,0.741449819798748,0.730831071787936,0.712696026589421,0.748709651161405,0.751261186088915,0.701646342191858,0.670780057141541,0.675609147344837,0.722713816754395,0.669575887368274,0.563231220133306,0.515367391752407,0.505913007493705,0.476962527764586,0.481938076007148,0.456854550567767,0.573725787959878,0.530038428464501,0.712201987164515,0.628437278633333,0.553879113517678,0.578872549956259,0.576921284290553,0.523199585156936,0.565699806461053,0.479121689042651,0.777983118261179,0.765214725413398,0.748641914206996,0.760276503665926,0.678052138429765,0.68069063963757,0.648838631897849,0.68871788528036,0.734866347516524,0.784326124266873,0.743907697625575,0.778286061814192,0.696635265366285,0.709401853833592,0.7556371199227,0.732062996188904,0.668299214939954,0.670644275219028,0.681571974667149
"X2D01",0.571365114901101,0.476681119295973,0.847996067749936,0.82174597201803,0.741933231206689,0.699062995216423,0.783798808610259,0.545366352808939,0.59063711186436,0.665156342785906,0.73950086677185,0.822082600955842,0.670885279187985,0,0.347748374478167,0.47635210434616,0.490408170483458,0.656420440277586,0.551380053789225,0.567418000489383,0.72069886229777,0.660328937572785,0.665352162290816,0.557268510868714,0.762071716966511,0.732574424157467,0.70239401769903,0.666970681360927,0.590994921968542,0.602035535159596,0.631931771275942,0.552560988941079,0.686466498004572,0.740184776455555,0.580867127100683,0.625823266264814,0.623828743849108,0.677446407002356,0.647703033335085,0.761203328039253,0.739181469219471,0.712995033020079,0.765532066688899,0.758301592861238,0.726902085851565,0.7238981892301,0.740330911066185,0.694377148850742,0.672816466108261,0.773871406246336,0.667261199536541,0.472380867847013,0.702462622210169,0.74648621825987,0.707413773328377,0.648679633628808,0.654821868689085,0.749677327700975,0.827382803820628,0.75174207924402,0.757965908149395,0.825499989127677,0.826298282349996,0.794408273470768,0.605646638728479,0.890428445970953,0.621526304939866,0.735553568776083,0.792911469839871,0.690802985362326,0.802989174535396,0.670992638453007,0.702928821253387,0.709398476478376,0.722449844657367,0.787812532228234,0.765192488206435,0.789884136678589,0.758386684499457,0.819816698651133,0.788021356011937,0.810045421472015,0.776558323768086,0.696603725246508,0.724543768778129,0.714004524345807
"X2D02",0.529555507700863,0.477290815236563,0.81787096882265,0.797199713603564,0.748910012389027,0.700204192184714,0.764293149733249,0.612451383754591,0.641888266938632,0.661001976681238,0.689207120782323,0.770871400780844,0.642046483761744,0.347748374478167,0,0.50537352291554,0.528976284368309,0.669171255913384,0.573140761690205,0.605085128382149,0.673690202961251,0.645666488454032,0.708875203994698,0.611100426527353,0.731023672518712,0.709009209064564,0.697968529180008,0.665496461555853,0.606607957512826,0.593471635309747,0.658583105543274,0.554599273155514,0.662875649733453,0.74652728939086,0.581653703120451,0.66137371739113,0.670910733624023,0.679520241409904,0.680270515789088,0.727361378464481,0.715108025729151,0.703783298069001,0.740624661466717,0.737468604768815,0.725724146041544,0.723395455862931,0.737356608501556,0.706693839949131,0.680483115823977,0.763363292247825,0.676287070091458,0.493462239960125,0.658757345691018,0.669565725860532,0.685001304477967,0.641287627005491,0.651171330066241,0.695451331449945,0.767507275353278,0.707016012060796,0.732601926387075,0.781201374300834,0.787116724475179,0.742520663812205,0.632525985527201,0.843978309988996,0.586306485708078,0.720087827754647,0.747478696218245,0.650827509416211,0.752329042194101,0.68046394716857,0.695014892165348,0.680234123908164,0.70508893311271,0.752280414406341,0.729819568613892,0.736014417993783,0.715650165072812,0.780053498696198,0.745645548531314,0.766365637622832,0.725228704438688,0.717705955270277,0.704971978608085,0.720682261195485
"X2D03",0.62630884797429,0.530070457267987,0.708323196044827,0.676796136886169,0.59849564170264,0.647067250384694,0.691581451468697,0.477204296581429,0.472618843851647,0.609311646707256,0.724070724197022,0.750597676540954,0.592184698032204,0.47635210434616,0.50537352291554,0,0.339112143005244,0.47614643409449,0.348718834686506,0.389447573198526,0.644061363269127,0.521507695301789,0.57428411399763,0.40660842926126,0.675962619265548,0.63083804469184,0.584904897870132,0.48397393971233,0.395238142323346,0.441619234859545,0.473619501442417,0.355650917604165,0.56623288106967,0.584293235318699,0.512470116670421,0.429062762028902,0.432161647768806,0.463865047084104,0.439770487320318,0.649809141378746,0.614157946962096,0.601237590967375,0.620998522657669,0.60147889624091,0.582264703850571,0.591916807121655,0.573366283257901,0.523584354277003,0.536369665525163,0.618558369117835,0.552662197805815,0.568083628375954,0.689683628290715,0.722108263018886,0.50157517248077,0.422372876255934,0.484563835174304,0.707172319122479,0.769758910668672,0.713536008838788,0.695790980054766,0.759433433548478,0.764100039489327,0.690819752042268,0.505862483442542,0.833304536305898,0.59527038703343,0.680184382716176,0.700659578072218,0.724620974448668,0.735323040037754,0.437348247802478,0.516440001876149,0.526467455201263,0.515135409784833,0.708788059488566,0.692923833050709,0.73184688668615,0.721588672103612,0.701545075356138,0.657022566373713,0.733492078182858,0.693955925832671,0.576783233151796,0.62600541835264,0.628523372104348
"X2D04",0.619685181999923,0.556951204832616,0.768913087193237,0.742609786043398,0.681459125450278,0.662429691282208,0.684914051825386,0.494165477815012,0.549502055943467,0.607893539977674,0.703880582073896,0.757187429922203,0.632907873628631,0.490408170483458,0.528976284368309,0.339112143005244,0,0.354623660863997,0.385687142082892,0.347360287396552,0.624158001164352,0.539446316789667,0.459768316794694,0.362064451899335,0.605062154649376,0.633694357161822,0.545132388263745,0.423837093513556,0.34734554863667,0.404635499171448,0.411358914107787,0.367705643507161,0.581175737718095,0.582848724234306,0.486705732671777,0.456566809124074,0.412293150674729,0.492316671378476,0.458333857232071,0.612037053310972,0.601278954666812,0.613081899523805,0.668820495299443,0.61163216764174,0.572918855880109,0.576179824083879,0.559263929258975,0.518715909139512,0.485963176245308,0.644772403742439,0.506146331906988,0.599287370564714,0.706363871060094,0.722448941419074,0.618227244866848,0.52877332839013,0.596466710193056,0.691305646218035,0.75983928767641,0.665005207133812,0.701643273600261,0.763090316930948,0.768253528014704,0.709316884140992,0.542227823187484,0.815628289182461,0.592550141397675,0.692185610662097,0.752833035095314,0.717346579777093,0.774615293967794,0.508357175759003,0.577771975799669,0.606661922394225,0.583556561976384,0.687723458853782,0.701639061482639,0.704300292197349,0.724795240126101,0.7104642202504,0.687779058215588,0.725977293523785,0.714431539180985,0.63071430401178,0.660512941026087,0.657536609807529
"X2G01",0.755730081173605,0.630837742247604,0.789517611403031,0.791040402417818,0.731827304724732,0.650533316325229,0.69198257558356,0.58390184452875,0.61356734757932,0.63365581461144,0.710895071315566,0.745877208580012,0.656876413837137,0.656420440277586,0.669171255913384,0.47614643409449,0.354623660863997,0,0.448384057961921,0.39179546998145,0.525766072768207,0.515622600849828,0.432718387009435,0.405605559319331,0.483567049001518,0.553742322036784,0.500227590771756,0.411420426280007,0.410177813549998,0.3982301172248,0.395454110483646,0.461637895341295,0.588290025918438,0.59104090400896,0.531143598977946,0.455029721116302,0.431844402439518,0.494555023041504,0.468260748864139,0.576598454193479,0.583299944034428,0.593884350511817,0.648393351919721,0.553841895014138,0.509981576735576,0.551671345838719,0.482023392521214,0.495039992461704,0.472486035541247,0.625542579851129,0.486351631386524,0.664675066495703,0.721888225966264,0.734954330687123,0.664593861605683,0.583037080740298,0.63289594884464,0.694791723299169,0.741368227137132,0.668278498508419,0.708090338249372,0.751306839153465,0.754489663334564,0.669523024738785,0.561331890829569,0.787493033506026,0.619877176942387,0.715746842947155,0.765275603448836,0.749521009373466,0.762503192245281,0.518197461465618,0.567228742035491,0.617154198082985,0.597279556560948,0.651031214554847,0.718603935011153,0.70452333957505,0.730717606049221,0.662701533402788,0.654040024867289,0.686685882259203,0.702562047609328,0.586589773581559,0.625053325750408,0.609622689524643
"X2G02",0.698493959491025,0.498213250727932,0.729327768622355,0.714867104424427,0.674831147230245,0.54933471643505,0.66712131217927,0.492785734164498,0.468590611644757,0.614184653403088,0.718709939696662,0.724593080992635,0.533395965016424,0.551380053789225,0.573140761690205,0.348718834686506,0.385687142082892,0.448384057961921,0,0.426450835120309,0.56188272430403,0.45363992681631,0.559457340653844,0.426346446725029,0.545660769267462,0.530337674827883,0.538807349990948,0.471099819595538,0.398037357269342,0.404788075153766,0.462255338912139,0.421377941257431,0.558301018338426,0.647149405832985,0.491079876806526,0.473443528171764,0.478942197761263,0.489218421305342,0.480821429838651,0.589602822424615,0.580811694439313,0.596939260912962,0.572579470224454,0.539609068614708,0.58149340433528,0.575223251049858,0.516581884848831,0.520807089525597,0.518536400569759,0.602042320446933,0.530282034424454,0.574180951756868,0.695937105371816,0.698623777512762,0.53100066613602,0.454992691977803,0.457533901257152,0.642892144410527,0.765606215637929,0.644936666459241,0.63886400834982,0.693700799575458,0.684308572987155,0.609173493688771,0.476692574359925,0.793029175484204,0.586317988496441,0.694338306847834,0.707343731403988,0.697817205073329,0.713483322796291,0.480850801493781,0.529012184398303,0.514538630187764,0.529518999708268,0.650296519866812,0.697876928252185,0.663846341924203,0.675868157555145,0.588217785252259,0.574388751075605,0.680409520812842,0.637893084069126,0.551199837794936,0.620223019954204,0.59640984209641
"X2G04",0.60730554815378,0.614675438109451,0.686803525450311,0.68408511913567,0.598415025622751,0.689972326461667,0.650260642782174,0.530034869034076,0.568639550673842,0.582616592797028,0.703412351343201,0.729091886586875,0.610916635374173,0.567418000489383,0.605085128382149,0.389447573198526,0.347360287396552,0.39179546998145,0.426450835120309,0,0.602134641303443,0.545661199868374,0.510374557105015,0.412134401713043,0.63832070958485,0.624680742762826,0.502046848833787,0.44798005336928,0.425344109240927,0.472677316398008,0.498556929672375,0.368949307844427,0.498040472913361,0.565276717915129,0.488739626847939,0.397455095212763,0.388400311779221,0.444389335313114,0.418055665321072,0.605855038111235,0.560852215852103,0.591696410871111,0.603562917498377,0.553504855116237,0.572440001644948,0.573775881124306,0.539532050857099,0.461588413802011,0.45993572589148,0.582357580902862,0.502724156515899,0.617703868681744,0.71477831642184,0.706011329016521,0.488917252457705,0.426180114690312,0.494513807335206,0.603454955615643,0.714015864698316,0.590035335695179,0.614943474492431,0.678418030523773,0.71268313594684,0.64707659414599,0.514031478854207,0.786017364334895,0.538468016586789,0.596425642304279,0.696383651742024,0.640094040587902,0.694722994347085,0.465287374791693,0.478515471343729,0.524711384780581,0.523456546695115,0.634582123194117,0.668141679026147,0.630402853053438,0.65024694258534,0.640221382928216,0.635198529695227,0.659967829662239,0.617757697671592,0.55343565857728,0.590543507177935,0.584171936709299
"X2P01",0.692347982597057,0.646411660063383,0.710635041864331,0.718101709134214,0.671089548596829,0.629357453611077,0.550337680503765,0.647807297422599,0.630773999247722,0.594255507869172,0.626481774022973,0.632508772295175,0.584193697610831,0.72069886229777,0.673690202961251,0.644061363269127,0.624158001164352,0.525766072768207,0.56188272430403,0.602134641303443,0,0.421747435709243,0.630354912069714,0.49463942735434,0.335138977402139,0.309093969811498,0.296675156774772,0.443428323695033,0.574578620966191,0.462902265499308,0.585017201642701,0.58155015518767,0.520371510899191,0.623050041971696,0.531811496119123,0.568054296803596,0.598615323608117,0.572613375883878,0.598474289273334,0.445198236831273,0.479606554309115,0.48398737835541,0.476579724690638,0.470930056546561,0.489025016576843,0.487785927575142,0.465023287100638,0.527711432405756,0.515092389768083,0.538490136261239,0.537168955728608,0.61177945997874,0.600080231038933,0.561906703232767,0.557990305738696,0.535320507631553,0.549642309455808,0.504002524231361,0.623089116692386,0.458448671396467,0.522414363317675,0.586086729526629,0.569569401339294,0.459059485921988,0.528343330685749,0.687976172926023,0.516049306509779,0.657006440986398,0.663344774824371,0.58786176733015,0.598798369191609,0.548236658422169,0.518302835192326,0.521172402517702,0.53228199948733,0.474904409520269,0.550226773625141,0.538460862362141,0.554616015466173,0.470406609049052,0.465248455721755,0.448910646900859,0.511896643694788,0.485814004413076,0.490648178809155,0.49807105399054
"X2P02",0.704929295186685,0.59451879384484,0.800091164887426,0.756865448153115,0.734265434888913,0.617229863822124,0.666753953450424,0.587805900001757,0.569153243888275,0.678517800872151,0.743183610009402,0.760827953014673,0.624409975725975,0.660328937572785,0.645666488454032,0.521507695301789,0.539446316789667,0.515622600849828,0.45363992681631,0.545661199868374,0.421747435709243,0,0.563159227843117,0.383652717414224,0.427296005110329,0.395081062091541,0.409905234567624,0.446004370267906,0.497086251610251,0.435789002570724,0.520463586729844,0.505242480498797,0.566868235904527,0.611391660463384,0.546796714771886,0.526021997539524,0.55117269671288,0.511536431344062,0.542294373716282,0.512714048396618,0.529769794249467,0.552832686028752,0.533032991009276,0.505198590806443,0.509986909526063,0.533009878733404,0.492230219418749,0.515518826362031,0.51643070487539,0.582223764873036,0.539339389231944,0.679598668273198,0.715090103800853,0.715296113369221,0.590121122898154,0.518419671020898,0.536108976951556,0.644258693443167,0.768661022486627,0.574349921504614,0.635506932150664,0.721547181195098,0.699810401174956,0.583671042380195,0.511811293152969,0.831290721590281,0.576550267563079,0.683651578684201,0.6835340513949,0.657354518036231,0.666284042902656,0.511116055552603,0.52622314368437,0.524006710088451,0.513920654227093,0.547448254297696,0.583913505367839,0.615657550305003,0.605903453515735,0.551758967213642,0.529735304840731,0.569402440177524,0.608954413852342,0.558663205968525,0.625632960952535,0.607841192604413
"X2P03",0.741971301602489,0.672484324485375,0.84361431954919,0.827390580998238,0.770987133858852,0.714843612790034,0.746544597112932,0.584332602819668,0.643295007055135,0.704081636001902,0.790445424013193,0.82853808981168,0.73129892833312,0.665352162290816,0.708875203994698,0.57428411399763,0.459768316794694,0.432718387009435,0.559457340653844,0.510374557105015,0.630354912069714,0.563159227843117,0,0.431940252253454,0.596435630397351,0.623313845695611,0.57283363660261,0.444969931950939,0.470006693531729,0.542673849615678,0.428717500452454,0.498481982789433,0.666085062350871,0.574384142182136,0.591269496193427,0.53311379373284,0.471818341328143,0.50692508802529,0.500778134506446,0.626956940109434,0.60904630737595,0.614610544665619,0.681149843818457,0.616190047802403,0.548563464823011,0.55706035984243,0.568021681784347,0.58679126182323,0.550704799136267,0.65895699094494,0.535469136871381,0.743791890230963,0.803178910332591,0.820636374733736,0.726293497373747,0.662350592902819,0.703733712101734,0.7258313477854,0.807893371849687,0.678764337729491,0.738718599059976,0.823397930263233,0.815777107853121,0.736490378787197,0.646569774106917,0.868919321708955,0.671252086015025,0.736969938575591,0.782882311511859,0.739299704179823,0.789217052241767,0.570663497833338,0.614571376974027,0.665768003492999,0.637085499061957,0.636855281866076,0.656428171391474,0.701449594250817,0.707999544783483,0.721556002805665,0.700739328127968,0.712180997744535,0.714816949119514,0.66073871193448,0.695278147325398,0.690922530066939
"X2P04",0.660820690178528,0.582586943151669,0.800182534315689,0.778993562829319,0.720927932053929,0.638178263615263,0.680898148317561,0.51293401627328,0.545479839861888,0.632830067176845,0.757683486814958,0.787326921891912,0.649219907973444,0.557268510868714,0.611100426527353,0.40660842926126,0.362064451899335,0.405605559319331,0.426346446725029,0.412134401713043,0.49463942735434,0.383652717414224,0.431940252253454,0,0.486963228501062,0.498002764162579,0.441299304029923,0.367606773072082,0.382349294786061,0.372249916200452,0.449351007063782,0.366910311844856,0.585195430401403,0.556161939080428,0.508589874196874,0.447351944381624,0.430128499592694,0.484165885121535,0.452033172712872,0.55697710746146,0.543941367206495,0.540767391389378,0.606203282982926,0.555689391157979,0.509148082314113,0.528924966596922,0.509605029842011,0.478797397970307,0.468210826656858,0.631861499029613,0.49907763576792,0.635555628721931,0.732675967431267,0.764672441529796,0.622812486861333,0.525746344004173,0.586817544805903,0.669614118549371,0.774748975363546,0.620290801912268,0.652966808761762,0.775250792913692,0.752610452176058,0.664190105926783,0.480460014240899,0.855820992859037,0.590316540232427,0.650165356029682,0.733173700554413,0.680328404273152,0.7285859739898,0.499575173258245,0.552502122696103,0.581107377705189,0.566767141379042,0.606940301467131,0.617617350105661,0.653964505993542,0.640605555309896,0.658456980587891,0.621806268654174,0.624056456876227,0.656367287185704,0.562212736724116,0.6258632715114,0.606141656745147
"X2S01",0.813282890762101,0.651490433348705,0.7844324289698,0.782371413126517,0.758904895700804,0.636049347508093,0.676128737774367,0.659492403691119,0.659814201645949,0.684958755790321,0.706418431614813,0.732082905461016,0.654596001375736,0.762071716966511,0.731023672518712,0.675962619265548,0.605062154649376,0.483567049001518,0.545660769267462,0.63832070958485,0.335138977402139,0.427296005110329,0.596435630397351,0.486963228501062,0,0.315588825676546,0.409579075102554,0.440663029600267,0.559458019274915,0.508822894738467,0.541942365061215,0.600603814149006,0.595981066066195,0.656839659514845,0.539787891577892,0.576183287155097,0.592917337055751,0.603966749149156,0.605939839586765,0.47250373951582,0.510439393388951,0.524463733699539,0.554996987936721,0.489321657711662,0.512531084674234,0.510723695443979,0.462625688716174,0.525849319268801,0.522583229569804,0.596562773958581,0.527628440474494,0.695604842940861,0.700474835768979,0.708628060374784,0.702578158738464,0.648747967142207,0.647204212861628,0.659973479978335,0.756099617208036,0.582687938683837,0.67866627324851,0.712582407290488,0.692145598085906,0.591666537696838,0.601808778623919,0.751415492150654,0.619482671278895,0.739400496179588,0.756773446486839,0.684017316696286,0.706587249978473,0.566904181769677,0.564722487936765,0.576599474411359,0.575075002519557,0.559072012036348,0.59471070367471,0.644631733162753,0.62429447652989,0.550031548000806,0.527567098362542,0.541290668891511,0.600463933470334,0.523363791326363,0.574722988410366,0.549204294358858
