"","X1D01","X1D02","X1D03","X1D04","X1G01","X1G02","X1G03","X1P01","X1P02","X1P03","X1P04","X1S01","X1S02","X1S04","X1W01","X1W02","X1W03","X1W04","X2D01","X2D02","X2D03","X2D04","X2G01","X2G02","X2G03","X2G04","X2P01","X2P02","X2P03","X2P04","X2S01","X2S02","X2S03","X2S04","X2W01","X2W02","X2W03","X2W04","X3D01","X3D02","X3D03","X3D04","X3G01","X3G02","X3G03","X3G04","X3P01","X3P02","X3P03","X3P04","X3S01","X3S02","X3S03","X3S04","X3W01","X3W02","X3W03","X3W04","X4D01","X4D02","X4D03","X4D04","X4G01","X4G02","X4G03","X4G04","X4P01","X4P02","X4P03","X4P04","X4S01","X4S02","X4S03","X4S04","X4W01","X4W02","X4W03","X4W04","X5D01","X5D02","X5D04","X5G01","X5G02","X5G03","X5G04","X5P01","X5P02","X5P03","X5P04","X5S01","X5S02","X5S03","X5S04","X5W01","X5W02","X5W03","X5W04"
"X1D01",0,0.75203305785124,0.605355884425652,0.527851605758582,0.784172661870504,0.769230769230769,0.76,0.768573854544267,0.887096774193548,0.908333333333333,0.892307692307692,0.82060401119403,0.845178020745725,0.94488188976378,0.673102610807529,0.694043572741962,0.661817604739738,0.659090909090909,0.612010839414501,0.719590600059119,0.721102041915845,0.595661125514717,0.767953102100635,0.775262065209992,0.789009054325956,0.802596482453947,0.805819602872835,0.754010695187166,0.805015505725191,0.764318292091218,0.861575064669626,0.812878567032682,0.775559980089597,0.785589003100016,0.770756050167815,0.722569027611044,0.771369082407949,0.754966887417219,0.791326320738085,0.773114393463231,0.844583604424203,0.81754279416065,0.8046875,0.828098518397026,0.808611111111111,0.794701341235184,0.843434343434343,0.843007549404189,0.847090296273599,0.840256894922244,0.844559585492228,0.860696517412935,0.866522988505747,0.856332189822756,0.777502750275028,0.787169285179895,0.850491376818576,0.794114111225986,0.54516317016317,0.529185178183193,0.556478052334406,0.5684863873607,0.755411661075398,0.69971098265896,0.725063938618926,0.756756756756757,0.748571428571429,0.754335839598997,0.755753968253968,0.770245901639344,0.764287010159652,0.784313725490196,0.774434389140272,0.753086419753086,0.690727403194515,0.65116125044154,0.676330532212885,0.702608274526083,0.80610350429334,0.881685622630505,0.881348914243651,0.827041785375119,0.828977657413676,0.807796272585005,0.8,0.896341463414634,0.872722597707905,0.862920168067227,0.848738308957379,0.850287356321839,0.854115774668739,0.828919860627178,0.868981203330186,0.84669099756691,0.825806451612903,0.848684210526316,0.831774068322981
"X1D02",0.75203305785124,0,0.595804759983865,0.661182582879763,0.671875,0.642857142857143,0.661016949152542,0.838410444342648,0.75,0.761387163561077,0.80810147299509,0.786885245901639,0.705882352941176,0.898979591836735,0.659883154819864,0.694444444444444,0.694767932489451,0.70396452790819,0.838780509664506,0.824675324675325,0.87630579297246,0.758620689655172,0.898230088495575,0.889447236180905,0.901316422563945,0.899333093006489,0.90523631840796,0.838348416289593,0.907371867238654,0.862857142857143,0.896389069616135,0.899997499937498,0.867647058823529,0.89111658456486,0.811764705882353,0.86040007217797,0.878306878306878,0.804472763618191,0.871483870967742,0.866666666666667,0.911926308985133,0.903993855606759,0.899748743718593,0.90990990990991,0.892350410888546,0.888235294117647,0.893129770992366,0.896847290640394,0.886924383178504,0.90506329113924,0.88763887330266,0.899640287769784,0.913294797687861,0.918606161640217,0.872861329048114,0.854889178617992,0.907142857142857,0.884008654602675,0.754311626523937,0.731481481481482,0.812080536912752,0.763636363636364,0.870421507014537,0.786605016113213,0.850494743351886,0.868809523809524,0.831288967199783,0.8193926685306,0.84279176201373,0.853240093240093,0.871569950517319,0.807228915662651,0.874074074074074,0.826923076923077,0.835049598488427,0.743583000210393,0.861973709277958,0.868571428571428,0.839506172839506,0.863237872589129,0.871572871572872,0.846989966555184,0.902597402597403,0.887104835686617,0.852941176470588,0.918485999050783,0.907216494845361,0.886363636363636,0.902940336854125,0.883495145631068,0.883594624860022,0.892554644808743,0.905310650037358,0.867156862745098,0.869782608695652,0.870588235294118,0.885964912280702
"X1D03",0.605355884425652,0.595804759983865,0,0.497524752475248,0.674287954010975,0.612916666666667,0.631578947368421,0.762503473186996,0.797101449275362,0.838036565977742,0.834388185654008,0.736842105263158,0.746666666666667,0.909090909090909,0.570598006644518,0.593808925204274,0.57223113964687,0.567424242424242,0.734368215371255,0.754601226993865,0.799581589958159,0.635289774824659,0.835499296765119,0.829493087557604,0.852887201392185,0.854742907801418,0.869568405614917,0.766666666666667,0.865217391304348,0.809653209109731,0.86046511627907,0.853886036700046,0.805281966355792,0.852711728559979,0.761188118811881,0.785717752699915,0.821771978021978,0.740740740740741,0.802816901408451,0.806326581645411,0.872972024905727,0.845270981320705,0.838862559241706,0.868131231161605,0.848714568226763,0.838959952504318,0.855263157894737,0.860051813471503,0.857565511411665,0.860045646545851,0.855755147755665,0.867070315358162,0.883465608465608,0.879906980713432,0.813618377280527,0.8,0.869967793880837,0.818729463307777,0.606428294823803,0.587719298245614,0.684040747028863,0.587977296181631,0.812341370558376,0.712230215827338,0.764866602378656,0.789473684210526,0.764705882352941,0.757057510504202,0.77037037037037,0.786630148103063,0.799964900991547,0.757428655486908,0.806674082313682,0.760165289256198,0.734816818293583,0.624465811965812,0.746444574323008,0.770306321009353,0.774851876234365,0.846064623032312,0.855719666931007,0.810619055044441,0.856748224151539,0.83095191170674,0.797560307017544,0.882656663724625,0.88135593220339,0.855894029622843,0.856060606060606,0.850196850393701,0.843226733740568,0.838348416289593,0.877485187623437,0.843014301430143,0.834782608695652,0.845057369814651,0.846464019851117
"X1D04",0.527851605758582,0.661182582879763,0.497524752475248,0,0.729870596693027,0.698958333333333,0.701477002379064,0.747388390657337,0.850574712643678,0.873490469954896,0.861702127659574,0.775510204081633,0.789181286549708,0.925531914893617,0.595998775135246,0.633663366336634,0.576923076923077,0.609307359307359,0.683420893109719,0.75,0.769381009615385,0.602836879432624,0.819442475785495,0.815913604766634,0.829177351372063,0.843255374438932,0.852938580230567,0.756253908692933,0.85306342364532,0.783505154639175,0.860927152317881,0.839449541284404,0.805798319327731,0.829896907216495,0.768595041322314,0.751219976671666,0.791469194312796,0.745015873015873,0.782947507361153,0.783216783216783,0.843592171717172,0.813559322033898,0.816972742318199,0.842858571047721,0.832144008102758,0.819095477386935,0.843373493975904,0.841844710786868,0.838888888888889,0.835981504833964,0.852941176470588,0.848241073004294,0.86,0.861765914524806,0.782857142857143,0.786163522012579,0.848481627695111,0.795321637426901,0.551709954166177,0.502,0.611288039631989,0.550556117290192,0.789596655189375,0.702127659574468,0.74742158426369,0.768231144872491,0.755034464116773,0.726650062266501,0.748061549558213,0.762049941927991,0.772382000104772,0.767241379310345,0.785938903863432,0.743050193050193,0.700909157295166,0.605042016806723,0.712041884816754,0.737258297258297,0.780701754385965,0.863617782319877,0.847916666666667,0.809720582447855,0.841269841269841,0.815429924702453,0.795697542921764,0.896412698412698,0.879232441088996,0.861538461538462,0.843337334933974,0.846968775344688,0.855566534914361,0.842801504163309,0.864847303443795,0.845804195804196,0.830645161290323,0.836206896551724,0.836350164073251
"X1G01",0.784172661870504,0.671875,0.674287954010975,0.729870596693027,0,0.482758620689655,0.529857397504456,0.761881485937735,0.75,0.781818181818182,0.822004608294931,0.75,0.725806451612903,0.894736842105263,0.63768115942029,0.634640738299275,0.645955541833899,0.654083570750237,0.825518925518925,0.796052631578947,0.853502380608859,0.765151515151515,0.869565217391304,0.845240525277267,0.864866500657121,0.877232854864434,0.875894281157439,0.779915294679074,0.880843162953255,0.814407195923129,0.86281659217439,0.87305615985819,0.807142857142857,0.847886116930109,0.722222222222222,0.83121235925635,0.837842580947088,0.746175393234217,0.828696646341463,0.838585607940447,0.878700297775442,0.869565217391304,0.835463639250556,0.851690118065664,0.840784215784216,0.835762022874466,0.85976141191851,0.864017880113198,0.838382006167241,0.864076246334311,0.85512243878061,0.846176456179885,0.879996081504702,0.889687615016562,0.82910783055199,0.810470488709572,0.845637583892617,0.84,0.75,0.738221828385763,0.80379746835443,0.73664406779661,0.794365079365079,0.672566371681416,0.762820512820513,0.789464676889376,0.78125,0.758939974457216,0.802501413227812,0.806896551724138,0.828220858895706,0.725274725274725,0.838580734307146,0.747786917352135,0.766320264525272,0.65625,0.802848183956101,0.822844813495047,0.780487804878049,0.816783216783217,0.804878048780488,0.775394646533974,0.842264752791069,0.825251677852349,0.789468864468865,0.865168539325843,0.875595238095238,0.854368932038835,0.861788617886179,0.850853479570557,0.846153846153846,0.84297520661157,0.874074074074074,0.801162790697674,0.797812574707148,0.815654672663668,0.829508754037056
"X1G02",0.769230769230769,0.642857142857143,0.612916666666667,0.698958333333333,0.482758620689655,0,0.471143174250832,0.748873873873874,0.729166666666667,0.765957446808511,0.796453232893911,0.696428571428572,0.724137931034483,0.884615384615385,0.56155303030303,0.575757575757576,0.649675324675325,0.605633802816901,0.839572192513369,0.80794701986755,0.863247863247863,0.775,0.867256637168142,0.848958333333333,0.874458874458874,0.889390726316219,0.888064875572614,0.777350427350427,0.890735725569849,0.826589595375723,0.863010842368641,0.872394702561876,0.810232607767819,0.859236326109391,0.716848220769789,0.826423200859291,0.849354298373588,0.730337078651685,0.823529411764706,0.83739837398374,0.879414208558371,0.853240093240093,0.840212765957447,0.869264123937021,0.845714285714286,0.843023255813954,0.862595419847328,0.871800701572041,0.829787234042553,0.870858020627606,0.851299060254284,0.853044014808721,0.88622754491018,0.889423076923077,0.825503355704698,0.814471968709257,0.859154929577465,0.839043506828742,0.745688373476063,0.727272727272727,0.794701986754967,0.736602870813397,0.796351740962519,0.696574941451991,0.761148305944411,0.789156626506024,0.771186440677966,0.754385964912281,0.794642857142857,0.798534306882852,0.819013554216868,0.727272727272727,0.828358208955224,0.763636363636364,0.759261291915921,0.65625,0.787689393939394,0.803680981595092,0.765432098765432,0.806451612903226,0.797101449275362,0.767054263565891,0.847682119205298,0.826666666666667,0.766473869035323,0.841463414634146,0.846153846153846,0.819148936170213,0.838410444342648,0.822673286604361,0.824742268041237,0.81615161757605,0.8671875,0.785225225225225,0.814202102245581,0.802469135802469,0.834097859327217
"X1G03",0.76,0.661016949152542,0.631578947368421,0.701477002379064,0.529857397504456,0.471143174250832,0,0.774774774774775,0.758939974457216,0.810832791151594,0.830188679245283,0.75,0.735849056603774,0.882352941176471,0.619985737208058,0.62771855010661,0.649675324675325,0.624941323736504,0.833333333333333,0.809063861884009,0.856832298136646,0.760952380952381,0.871964055982223,0.85241634724956,0.870689655172414,0.879646305947272,0.880952380952381,0.780388779527559,0.882903339037339,0.828571428571429,0.867512616104732,0.875647668393782,0.8254662004662,0.858006428519249,0.724137931034483,0.838868823283082,0.851870533837747,0.752688172043011,0.841269841269841,0.842093175853018,0.889889393079977,0.881783262504086,0.846560846560847,0.870890569532335,0.846153846153846,0.846824866310161,0.874074074074074,0.876072069676218,0.854669540229885,0.882170259408111,0.867156862745098,0.873794953474726,0.894281045751634,0.902439024390244,0.843001584195322,0.829268292682927,0.868517095658855,0.850649350649351,0.737704918032787,0.723973727422003,0.788640707118968,0.721525302922309,0.805634920634921,0.684447605500237,0.770700636942675,0.796407185628742,0.788232037401575,0.779211039448028,0.802571470674919,0.81625150060024,0.83128209000302,0.728395061728395,0.840138888888889,0.760160603080957,0.772888459058672,0.68,0.805714285714286,0.82058426499602,0.782051282051282,0.830877573131094,0.811655405405405,0.790833333333333,0.867088607594937,0.84025396047689,0.809307359307359,0.885890151515151,0.88059405940594,0.870967741935484,0.861329091551785,0.867924528301887,0.864077669902913,0.868421052631579,0.889763779527559,0.81936077643909,0.829987956643918,0.833333333333333,0.855200655200655
"X1P01",0.768573854544267,0.838410444342648,0.762503473186996,0.747388390657337,0.761881485937735,0.748873873873874,0.774774774774775,0,0.846938775510204,0.890054945054945,0.78494623655914,0.743627554244786,0.809761904761905,0.885565476190476,0.718974358974359,0.718181818181818,0.669528371407517,0.672413793103448,0.79957264957265,0.800510204081633,0.809438163754711,0.760239520958084,0.788235294117647,0.794815810099653,0.818518518518519,0.833333333333333,0.830844811753903,0.613554881412024,0.813418665166327,0.743901858594512,0.755173398030541,0.784403669724771,0.693759524832949,0.797029702970297,0.746150201374082,0.751131221719457,0.799107142857143,0.712649753347428,0.699358974358974,0.735970721505751,0.791039231226471,0.742773600668338,0.782136752136752,0.812746031746032,0.792539779149639,0.796116504854369,0.70440251572327,0.740562678062678,0.75,0.726516469762188,0.689091357821562,0.766666666666667,0.78696537166407,0.773333333333333,0.730553154710458,0.753205655104389,0.790507850298093,0.750690607734807,0.742138364779874,0.75,0.782615521482024,0.730162253793994,0.767441860465116,0.735186767104139,0.740061936936937,0.751848109999507,0.567860605132915,0.606597882161282,0.61277089345329,0.628205128205128,0.652676551897462,0.642183288409704,0.655629139072848,0.661651583710407,0.708571428571429,0.687952898550725,0.713553113553113,0.717560217560218,0.745901639344262,0.831775700934579,0.745368782161235,0.737900078064012,0.795755221527895,0.782828282828283,0.724259139087173,0.776,0.762962962962963,0.72728125,0.650757575757576,0.722013366750209,0.753907203907204,0.672816932624113,0.735483870967742,0.780259134073716,0.776119402985075,0.782795698924731,0.776948590381426
"X1P02",0.887096774193548,0.75,0.797101449275362,0.850574712643678,0.75,0.729166666666667,0.758939974457216,0.846938775510204,0,0.642857142857143,0.764705882352941,0.75,0.648648648648649,0.777777777777778,0.7886039132734,0.786299765807963,0.824324324324324,0.810810810810811,0.915537126211283,0.905083655083655,0.936033824331697,0.87719298245614,0.939344328563344,0.932816088884141,0.9375,0.939252336448598,0.934727987764912,0.894949066213922,0.92964824120603,0.901840490797546,0.895833333333333,0.92972972972973,0.891666666666667,0.917980256349017,0.851351351351351,0.916896869244936,0.924118683901293,0.848101265822785,0.893805309734513,0.899121116336443,0.927152317880795,0.918518518518519,0.926315789473684,0.938679245283019,0.91812865497076,0.927671211160431,0.89787049109083,0.921212121212121,0.907334525939177,0.916083916083916,0.891211484593837,0.911645161290322,0.922077922077922,0.936546651180797,0.901408450704225,0.87719298245614,0.91760184042195,0.911764705882353,0.866664032869785,0.865681998413957,0.908473718125748,0.881044938578759,0.910126539678266,0.868789965568126,0.903001792114695,0.912115193644489,0.87962962962963,0.861544133136718,0.871423380870197,0.893939393939394,0.907058533174283,0.82258064516129,0.898037647637795,0.873684210526316,0.887661971830986,0.835164835164835,0.907192075796727,0.914892830746489,0.833333333333333,0.794871794871795,0.8,0.853658536585366,0.927152317880795,0.919463087248322,0.865168539325843,0.885714285714286,0.906976744186046,0.871428571428571,0.897051739088544,0.88949938949939,0.871943947525343,0.894176931690929,0.90946348733234,0.839285714285714,0.851601601601602,0.847457627118644,0.885057471264368
"X1P03",0.908333333333333,0.761387163561077,0.838036565977742,0.873490469954896,0.781818181818182,0.765957446808511,0.810832791151594,0.890054945054945,0.642857142857143,0,0.833333333333333,0.813953488372093,0.647058823529412,0.851851851851852,0.813559322033898,0.824561403508772,0.825741890959282,0.843303571428571,0.930479295355754,0.920289855072464,0.952991452991453,0.893331226295828,0.964205637411915,0.959899497487437,0.961702127659575,0.957943925233645,0.958333333333333,0.926529388244702,0.96,0.935483316133471,0.933333333333333,0.95640294606795,0.930232558139535,0.945843007861827,0.898642450926435,0.943733647305076,0.945054945054945,0.888888888888889,0.929912280701754,0.939827586206897,0.95,0.950701780489015,0.951870281400137,0.957446570687651,0.944614860259032,0.944271911663216,0.927717391304348,0.943037974683544,0.92741935483871,0.944636015325671,0.925309917355372,0.940740740740741,0.953794876263506,0.962764903941375,0.9375,0.919280888030888,0.941391155002147,0.945205479452055,0.897196261682243,0.90045045045045,0.924657534246575,0.903367289190719,0.943959801800544,0.907407407407407,0.939597315436242,0.940119760479042,0.911109355246523,0.9000444000444,0.921895424836601,0.927709677419355,0.934852728970376,0.869565217391304,0.943318908995542,0.90049504950495,0.930312742812743,0.879777830864787,0.942528735632184,0.943924689440994,0.878787878787879,0.848913043478261,0.854166666666667,0.91025641025641,0.953487858719647,0.946306306306306,0.91304347826087,0.91044776119403,0.91358024691358,0.911392405063291,0.926283117171045,0.92432211313698,0.911392405063291,0.923913043478261,0.927927927927928,0.890767045454545,0.904761904761905,0.903225806451613,0.922649572649573
"X1P04",0.892307692307692,0.80810147299509,0.834388185654008,0.861702127659574,0.822004608294931,0.796453232893911,0.830188679245283,0.78494623655914,0.764705882352941,0.833333333333333,0,0.765957446808511,0.763157894736842,0.823529411764706,0.820169983416252,0.804624418889161,0.80537518037518,0.802631578947368,0.915537126211283,0.903448275862069,0.930964395850855,0.877049180327869,0.923958333333333,0.925925474320831,0.930885206747276,0.924138879485443,0.923287095418243,0.844262295081967,0.917073170731707,0.896662958843159,0.848484848484848,0.907608695652174,0.863297709923664,0.903438228438229,0.844155844155844,0.906735751295337,0.914833172147002,0.825098039215686,0.858395989974937,0.884456452638271,0.910828025477707,0.898550724637681,0.927272236614853,0.934266505014879,0.912930474333983,0.917159763313609,0.853448275862069,0.887865929616942,0.888888888888889,0.890783710744572,0.854652065858962,0.894338118022329,0.90461025174401,0.911917098445596,0.888500388500389,0.876148335440371,0.905109489051095,0.893095238095238,0.874991318841586,0.871559633027523,0.899984372558212,0.876106194690265,0.912917087967644,0.887513904338153,0.905532891381948,0.913543950568068,0.834862385321101,0.829179331306991,0.835001501351216,0.863636363636364,0.883276232969485,0.787878787878788,0.859494535519126,0.842105263157895,0.882555780933063,0.851274489151043,0.896446593776283,0.892655367231638,0.808871493803001,0.8,0.783823529411765,0.851601601601602,0.91156462585034,0.911478515456816,0.851485148514851,0.845070422535211,0.872093023255814,0.819978632478632,0.844097222222222,0.833333333333333,0.830435377875137,0.842105263157895,0.873911726852903,0.816025641025641,0.85,0.829447115384615,0.875644329896907
"X1S01",0.82060401119403,0.786885245901639,0.736842105263158,0.775510204081633,0.75,0.696428571428572,0.75,0.743627554244786,0.75,0.813953488372093,0.765957446808511,0,0.707107843137255,0.808510638297872,0.733285790693528,0.743050193050193,0.736842105263158,0.726650062266501,0.87305615985819,0.868421052631579,0.898519630980476,0.819284884471408,0.891304347826087,0.884422110552764,0.89979079497908,0.913330961276167,0.898803705255318,0.801587301587302,0.897058823529412,0.863636363636364,0.822106042379939,0.884316318434277,0.833333333333333,0.87037037037037,0.808340535868626,0.868489775806849,0.882352941176471,0.808988764044944,0.8125,0.817028985507246,0.881987577639752,0.853240093240093,0.883236934517662,0.901408450704225,0.872858099062918,0.885195326761592,0.852010758196721,0.876110743923037,0.875912408759124,0.849657534246575,0.834616067728376,0.864763259500102,0.879249482004451,0.891408662804053,0.853240093240093,0.84297520661157,0.888085794802213,0.843414387031408,0.80687011646764,0.798205375824883,0.844155844155844,0.796610169491525,0.873691080493111,0.819284884471408,0.849698795180723,0.858757062146893,0.767549261083744,0.774343909126518,0.777772591486184,0.817541613316261,0.821310312204352,0.73972602739726,0.8,0.759118037135279,0.818486882245271,0.747474747474748,0.835329985652798,0.839285714285714,0.7666785269525,0.788967611336032,0.780116841257051,0.818181818181818,0.873333333333333,0.861373165618449,0.818181818181818,0.815302144249513,0.83695652173913,0.8,0.803738317757009,0.808510638297872,0.813186813186813,0.792452830188679,0.858918732782369,0.802816901408451,0.836125319693095,0.816987289591206,0.851485148514851
"X1S02",0.845178020745725,0.705882352941176,0.746666666666667,0.789181286549708,0.725806451612903,0.724137931034483,0.735849056603774,0.809761904761905,0.648648648648649,0.647058823529412,0.763157894736842,0.707107843137255,0,0.771428571428571,0.733755274261603,0.744755949979831,0.777046783625731,0.777777777777778,0.888593380614657,0.878679635049062,0.911392405063291,0.840802987861811,0.919642857142857,0.914719251336898,0.923566534439236,0.92,0.914786432160804,0.856,0.920987172608887,0.879774932892835,0.85,0.90625,0.859439566115703,0.89473583314163,0.829268292682927,0.890052356020942,0.907412595248767,0.819638554216868,0.866664032869785,0.881587057010786,0.903846153846154,0.893828378187967,0.904388966107131,0.916472868217054,0.895953757225434,0.905492910572736,0.867217630853995,0.891324482865082,0.875,0.888888888888889,0.856537530266344,0.890964673913043,0.901234567901235,0.912371134020619,0.884205856255546,0.845491500369549,0.897449034624097,0.893095238095238,0.841687552213868,0.842592592592593,0.88424317617866,0.850877192982456,0.885791925465839,0.841885964912281,0.873815778998488,0.885299819969533,0.825324180015256,0.803738317757009,0.809761904761905,0.850373134328358,0.877414252414252,0.791044776119403,0.869574734208881,0.815026010404162,0.864285714285714,0.802083333333333,0.884393063583815,0.897071042791857,0.831077373330894,0.842621259029928,0.78125,0.813643410852713,0.904760944932677,0.892511256477784,0.828914141414141,0.852592592592593,0.868589743589744,0.839506172839506,0.869158878504673,0.840592861464005,0.860215053763441,0.858571428571429,0.882121352477999,0.833333333333333,0.828266787658802,0.831077373330894,0.867739403453689
"X1S04",0.94488188976378,0.898979591836735,0.909090909090909,0.925531914893617,0.894736842105263,0.884615384615385,0.882352941176471,0.885565476190476,0.777777777777778,0.851851851851852,0.823529411764706,0.808510638297872,0.771428571428571,0,0.880597014925373,0.87719298245614,0.902777777777778,0.899367088607595,0.957104249324363,0.939189189189189,0.960334941612475,0.932203389830508,0.951001984126984,0.946157495256167,0.956709956709957,0.948837209302326,0.947643979057592,0.910569105691057,0.948051597582038,0.934131736526946,0.885057471264368,0.947643979057592,0.912698412698413,0.943396226415094,0.892582417582418,0.947089947089947,0.943977151465696,0.879518072289157,0.912022703818369,0.908256880733945,0.940397350993378,0.931506849315069,0.946808510638298,0.950738916256158,0.938650306748466,0.937106918238994,0.913793103448276,0.933734939759036,0.932835820895522,0.930555555555556,0.901785714285714,0.930232558139535,0.937084927650965,0.943298969072165,0.927536231884058,0.905821641670698,0.928571428571429,0.927007299270073,0.940424453136318,0.933962264150943,0.954838709677419,0.929824561403509,0.942528735632184,0.92468487394958,0.936507296621785,0.939576487769259,0.906660858545858,0.906542056074766,0.903846153846154,0.918608852755194,0.935483870967742,0.90625,0.926829268292683,0.929292929292929,0.927536231884058,0.915341545352744,0.9375,0.943785112359551,0.875,0.804878048780488,0.853009259259259,0.88,0.93814359943316,0.931739819215357,0.88949938949939,0.891466346153846,0.907894736842105,0.864864864864865,0.896907216494845,0.9,0.9125,0.902067348678602,0.909090909090909,0.851851851851852,0.878378378378378,0.847457627118644,0.895348837209302
"X1W01",0.673102610807529,0.659883154819864,0.570598006644518,0.595998775135246,0.63768115942029,0.56155303030303,0.619985737208058,0.718974358974359,0.7886039132734,0.813559322033898,0.820169983416252,0.733285790693528,0.733755274261603,0.880597014925373,0,0.493419913419913,0.552332657200811,0.508928571428571,0.761145442507173,0.74111409170928,0.812372448979592,0.672065573770492,0.82820751786269,0.808934377771209,0.836,0.848612172141584,0.852116402116402,0.742305871212121,0.846700790030043,0.788730158730159,0.84377293858576,0.837899372947148,0.777002722146607,0.832417333534652,0.673576799140709,0.764397905759162,0.796301481087437,0.663265306122449,0.76924899312959,0.76950747094632,0.848133911557921,0.807572861920688,0.811865330879847,0.835208970438328,0.819672131147541,0.818181818181818,0.822695035460993,0.84180790960452,0.812135197502375,0.833333333333333,0.8249961717115,0.829651301647958,0.85556306741356,0.863214166388239,0.782051282051282,0.768336314847943,0.831140062288898,0.793440860215054,0.656125,0.62280701754386,0.717791411042945,0.617638741604807,0.779940398584466,0.681249205744059,0.741449669646327,0.763076362310917,0.726917613636364,0.710743801652893,0.739997439344472,0.745671627273611,0.77964477383082,0.719306659358728,0.781139435725302,0.71304347826087,0.702127659574468,0.582078462452942,0.729485756566778,0.750757575757576,0.740379901960784,0.8,0.797685928303906,0.758417508417508,0.824401913875598,0.795251180159233,0.745368782161235,0.848484848484848,0.82380174291939,0.811320754716981,0.804878048780488,0.803284204859008,0.822106042379939,0.813008130081301,0.840744400527009,0.795576735092864,0.781417690842998,0.791872937293729,0.790692640692641
"X1W02",0.694043572741962,0.694444444444444,0.593808925204274,0.633663366336634,0.634640738299275,0.575757575757576,0.62771855010661,0.718181818181818,0.786299765807963,0.824561403508772,0.804624418889161,0.743050193050193,0.744755949979831,0.87719298245614,0.493419913419913,0,0.560975609756098,0.5,0.782605851258701,0.770971233504017,0.836653386454183,0.705654354765162,0.840859479058754,0.834548898887047,0.858671728843403,0.859649122807018,0.878219472598833,0.748201438848921,0.86619407756929,0.807491987179487,0.852459016393443,0.855719666931007,0.793218390804598,0.855130198212204,0.70809925093633,0.786435841099073,0.827225130890052,0.702548978302086,0.794494720965309,0.779174770769658,0.876374290201764,0.837581168831169,0.840579710144927,0.865389884377226,0.844097222222222,0.8455090765588,0.855172413793103,0.867767591524498,0.846900212314225,0.868506736526946,0.848275862068965,0.87037037037037,0.89010989010989,0.882214206437292,0.80794701986755,0.8,0.854235651214128,0.831846742741586,0.672417639622221,0.640930155577623,0.735527193860527,0.628814464449191,0.805555555555556,0.714285714285714,0.762906804733728,0.786474164133739,0.749045801526717,0.741225369458128,0.771186440677966,0.778150633855332,0.812310606060606,0.723771093176816,0.816326530612245,0.763692768506632,0.724009264024704,0.595959595959596,0.745709241884338,0.777460317460317,0.741573033707865,0.819444444444444,0.808608058608059,0.811320754716981,0.848022912047302,0.824070897655803,0.792792792792793,0.860958590711508,0.85981308411215,0.846938775510204,0.834746676248653,0.841406613879832,0.868789965568126,0.838846364133406,0.87243052912067,0.795180722891566,0.805825242718447,0.802261691796575,0.825887514958117
"X1W03",0.661817604739738,0.694767932489451,0.57223113964687,0.576923076923077,0.645955541833899,0.649675324675325,0.649675324675325,0.669528371407517,0.824324324324324,0.825741890959282,0.80537518037518,0.736842105263158,0.777046783625731,0.902777777777778,0.552332657200811,0.560975609756098,0,0.517647058823529,0.759679144385027,0.754716981132076,0.798384470067097,0.666666666666667,0.827445793132068,0.820822194080953,0.844268907563025,0.843097772797311,0.851851851851852,0.719852090355688,0.855559506875296,0.787280166096727,0.827320253001162,0.850714414090582,0.789798570500325,0.839133563615429,0.743836148320714,0.755,0.810128205128205,0.68747104068205,0.773847615238476,0.78231793863959,0.859049101457478,0.826753899608191,0.822660098522167,0.847631418937593,0.829456225628973,0.820652173913043,0.828290846412048,0.833333333333333,0.825946704067321,0.840706578489384,0.834981700941094,0.841938707528314,0.864356884057971,0.866819571865443,0.769716905901116,0.781388402513132,0.836931818181818,0.80379746835443,0.651844532279315,0.633739837398374,0.710284183554624,0.626500193573364,0.779837302257502,0.686258788701122,0.737804878048781,0.770303372903712,0.720313601127555,0.72332707942464,0.768049288441513,0.767976928006836,0.771679197994988,0.702127659574468,0.779981511051349,0.726151089054315,0.687287414965986,0.611111111111111,0.725701591035316,0.735209166507967,0.734368215371255,0.812916666666667,0.809170013386881,0.778761061946903,0.834773399677246,0.817107553080404,0.773913043478261,0.86512474012474,0.856571428571429,0.828828828828829,0.818181818181818,0.833989501312336,0.839134382566586,0.816793893129771,0.845637583892617,0.808510638297872,0.792059748427673,0.814623902252768,0.801652892561983
"X1W04",0.659090909090909,0.70396452790819,0.567424242424242,0.609307359307359,0.654083570750237,0.605633802816901,0.624941323736504,0.672413793103448,0.810810810810811,0.843303571428571,0.802631578947368,0.726650062266501,0.777777777777778,0.899367088607595,0.508928571428571,0.5,0.517647058823529,0,0.763932019648806,0.748427672955975,0.809716599190283,0.671587318880052,0.81489061141698,0.809878048780488,0.834710743801653,0.844491129785247,0.857460317460317,0.709087541018313,0.851351351351351,0.786096256684492,0.844262295081967,0.831730769230769,0.778523489932886,0.831945840663483,0.702836499866203,0.763854050538833,0.808080808080808,0.693381500312193,0.781488392514132,0.774920842886778,0.870528393562102,0.82297777091695,0.819708704196047,0.851439867815414,0.835078964685238,0.831061416013305,0.837286265857695,0.844873686151577,0.834918971216641,0.840699944227552,0.824102368220015,0.851851851851852,0.873277275210977,0.860521019677996,0.792452830188679,0.803613053613054,0.858444022770398,0.814593036149922,0.635254988913525,0.624465811965812,0.683870967741936,0.605670614702574,0.785527299925206,0.698830409356725,0.737950058072009,0.756984112120361,0.71267825311943,0.71875,0.736434108527132,0.75,0.766052847754655,0.696140693698095,0.765308956260125,0.711788059245686,0.7,0.586847212420607,0.711353890136818,0.729304230863292,0.75,0.830296796943873,0.824175824175824,0.798205375824883,0.838069557916492,0.819240446076431,0.77445652173913,0.843898724538359,0.849603174603175,0.831729434625706,0.808,0.827996926229508,0.82966865170255,0.789489233193277,0.853240093240093,0.817204301075269,0.8197391688771,0.817693059628543,0.826608967267521
"X2D01",0.612010839414501,0.838780509664506,0.734368215371255,0.683420893109719,0.825518925518925,0.839572192513369,0.833333333333333,0.79957264957265,0.915537126211283,0.930479295355754,0.915537126211283,0.87305615985819,0.888593380614657,0.957104249324363,0.761145442507173,0.782605851258701,0.759679144385027,0.763932019648806,0,0.613993069710558,0.550167785234899,0.5625,0.623693379790941,0.599625468164794,0.613404255319149,0.659861111111111,0.624264705882353,0.702404214559387,0.637897775274571,0.612834362139918,0.798624670113931,0.69087439278279,0.682423516514749,0.647657131479392,0.75906833131964,0.595709923664122,0.599603174603175,0.728643216080402,0.734617117117117,0.72045158219334,0.749019366549247,0.75494071146245,0.669145289694825,0.686106861245145,0.667961208976834,0.65510462481674,0.75161422759676,0.757352941176471,0.775466966447596,0.770011526639344,0.787234042553192,0.768292682926829,0.758280516789567,0.750426621160409,0.676075650118203,0.703433031559354,0.740658110087002,0.701428858251907,0.625296208530806,0.633091787439614,0.583512160228898,0.658472651720139,0.61523199023199,0.650594850822567,0.627955377955378,0.641702727511146,0.731379507260564,0.750545851528384,0.732225891232563,0.708425079305841,0.697442786991569,0.795395081109367,0.727457501847746,0.725771466905188,0.608893280632411,0.665024630541872,0.595918367346939,0.622403778202941,0.785340314136126,0.865921787709497,0.873735309146653,0.771932692791388,0.715415019762846,0.694669892960965,0.732358799260208,0.869455975529823,0.840850602736015,0.834548898887047,0.8125,0.806603773584906,0.813240620668068,0.812079596412556,0.802104386058221,0.825396825396825,0.763285024154589,0.814716494845361,0.76225607997693
"X2D02",0.719590600059119,0.824675324675325,0.754601226993865,0.75,0.796052631578947,0.80794701986755,0.809063861884009,0.800510204081633,0.905083655083655,0.920289855072464,0.903448275862069,0.868421052631579,0.878679635049062,0.939189189189189,0.74111409170928,0.770971233504017,0.754716981132076,0.748427672955975,0.613993069710558,0,0.610609707180104,0.600546448087432,0.671641791044776,0.63398556231003,0.661022359684467,0.695010113710912,0.68749593495935,0.697738821138211,0.705997183819764,0.649561403508772,0.781420765027322,0.667358229598893,0.684074175074993,0.686499790532049,0.688104888741831,0.628993813682678,0.619469026548673,0.653010033444816,0.705555555555555,0.692959624174708,0.713625693555271,0.715663042468172,0.642553191489362,0.692899224806202,0.680460426179604,0.654018208384849,0.75570835495589,0.743164166400681,0.746341463414634,0.749418604651163,0.780243902439024,0.737232933819698,0.753363228699552,0.740672967046543,0.644104913411196,0.647052715378492,0.701971639471639,0.688399028582103,0.683937823834197,0.6769718776631,0.663635800045463,0.674157303370786,0.618507949449653,0.652846401718582,0.623155697922734,0.613794926004228,0.703996123589101,0.7196745132229,0.711123460220432,0.690070422535211,0.697987987987988,0.764695725577469,0.72,0.703172757475083,0.611973512809379,0.658306470634484,0.626147175212596,0.641384778012685,0.756494601889339,0.827700388216488,0.846606334841629,0.734753830135356,0.678984425005334,0.652720122350885,0.711764705882353,0.842424242424243,0.798866628138445,0.817394957983193,0.789473684210526,0.788571428571429,0.793706868222149,0.788359788359788,0.786458333333333,0.76,0.714285714285714,0.746705392751864,0.713868003341688
"X2D03",0.721102041915845,0.87630579297246,0.799581589958159,0.769381009615385,0.853502380608859,0.863247863247863,0.856832298136646,0.809438163754711,0.936033824331697,0.952991452991453,0.930964395850855,0.898519630980476,0.911392405063291,0.960334941612475,0.812372448979592,0.836653386454183,0.798384470067097,0.809716599190283,0.550167785234899,0.610609707180104,0,0.64453125,0.566504854368932,0.550007026150053,0.530257539026444,0.617785698981281,0.593694787985866,0.714821856076609,0.578760895834067,0.612099644128114,0.803847576766556,0.621442040046691,0.694392033542977,0.653357137210467,0.781184126877907,0.571187258687259,0.546615495707523,0.744769874476988,0.743745357302035,0.738548951048951,0.695958635004571,0.738141144481523,0.60787797755181,0.628201571890892,0.622775800711744,0.605947955390335,0.768818171306705,0.715687007810914,0.75,0.754713650165949,0.778966437833715,0.734294003868472,0.712328767123288,0.702194357366771,0.655301562701795,0.683796875,0.717464925012095,0.685001611863314,0.701172322205431,0.718253968253968,0.669026615207258,0.733982866795367,0.590988779803647,0.682733255903988,0.626317344627204,0.615942028985507,0.748625434253358,0.751881401007186,0.732412213740458,0.701689664883131,0.683100425310303,0.810591729722554,0.716664837576822,0.741624112591855,0.625941629566815,0.728570000499825,0.616729816380064,0.631856698756518,0.82952776336274,0.888888888888889,0.884847148736038,0.769874476987448,0.686387030365414,0.664192873272016,0.748970914573205,0.874491869918699,0.829823021793184,0.841366627951994,0.820506624783537,0.803119204694008,0.812380268199234,0.813432835820895,0.791668854697264,0.845680894308943,0.784433285509326,0.835728260136275,0.763742738589212
"X2D04",0.595661125514717,0.758620689655172,0.635289774824659,0.602836879432624,0.765151515151515,0.775,0.760952380952381,0.760239520958084,0.87719298245614,0.893331226295828,0.877049180327869,0.819284884471408,0.840802987861811,0.932203389830508,0.672065573770492,0.705654354765162,0.666666666666667,0.671587318880052,0.5625,0.600546448087432,0.64453125,0,0.700581217028585,0.694506704795765,0.728844902065211,0.723656322166334,0.73638867781155,0.672566833751044,0.733905579399142,0.674133663366337,0.786163522012579,0.734373754285259,0.687861271676301,0.707070707070707,0.696632996632996,0.651269468743333,0.661218473632493,0.664284620489,0.719628709025944,0.716012857038498,0.777777777777778,0.76031037414966,0.734041397294507,0.770750988142292,0.734299516908212,0.711829836829837,0.771825396825397,0.771028037383177,0.783286968853979,0.796019900497512,0.793564527260179,0.785143275347633,0.786929285345596,0.790360873694207,0.703210851648352,0.673016448959845,0.758153137185395,0.707758224062572,0.576541008660214,0.570949185043145,0.587570621468927,0.579282601407978,0.676944821347806,0.627828054298643,0.650793650793651,0.67,0.697541452258433,0.716049382716049,0.712037371185693,0.714285714285714,0.724137931034483,0.740873967492673,0.730033404190708,0.704174942072161,0.616472868217054,0.588652482269504,0.636363636363636,0.656716417910448,0.743305144467935,0.837502605795289,0.829543496985357,0.728256302521008,0.752551286056441,0.722073677956031,0.701986754966887,0.861476608187135,0.830065359477124,0.818791946308725,0.798780487804878,0.790994456854472,0.798657718120805,0.809220503488019,0.801075268817204,0.772357723577236,0.731034482758621,0.775740860912827,0.755827505827506
"X2G01",0.767953102100635,0.898230088495575,0.835499296765119,0.819442475785495,0.869565217391304,0.867256637168142,0.871964055982223,0.788235294117647,0.939344328563344,0.964205637411915,0.923958333333333,0.891304347826087,0.919642857142857,0.951001984126984,0.82820751786269,0.840859479058754,0.827445793132068,0.81489061141698,0.623693379790941,0.671641791044776,0.566504854368932,0.700581217028585,0,0.531991123231999,0.531987982540672,0.442830785450712,0.593639575971731,0.681813920787439,0.545288757635418,0.616788321167883,0.752083478019307,0.596295025728988,0.654618473895582,0.633396209732088,0.761904761904762,0.610520094562648,0.566655231560892,0.729257641921397,0.735177865612648,0.7434859437751,0.718404963956565,0.73857861231477,0.607573710656049,0.604957160342717,0.590225563909774,0.574497377286222,0.714851593875502,0.694579929276917,0.733715518886622,0.733208020050125,0.75,0.721798134011874,0.698185569191705,0.658901636802587,0.656370656370656,0.690082644628099,0.733829519669756,0.665368942481027,0.769978106185003,0.783464566929134,0.732738095238095,0.769381009615385,0.585454545454545,0.696603334502216,0.621467483827034,0.621827607054193,0.72289156626506,0.764592323415853,0.732108786610879,0.705075383018983,0.675816063567057,0.816368692110365,0.695826086956522,0.734024091465904,0.636011275546159,0.748953974895398,0.631100991860982,0.633275663206459,0.822510822510823,0.889649923896499,0.88412017167382,0.764074212893553,0.692592592592593,0.670454545454545,0.731023381904439,0.84731729879741,0.805907172995781,0.81912888612235,0.791161094617271,0.795462701871315,0.796610169491525,0.790510127531883,0.731074495610902,0.832608572346902,0.776088929219601,0.821980676328502,0.763158757478895
