"","X1D01","X1D02","X1D03","X1D04","X1G01","X1G02","X1G03","X1P01","X1P02","X1P03","X1P04","X1S01","X1S02","X1S04","X1W01","X1W02","X1W03","X1W04","X2D01","X2D02","X2D03","X2D04","X2G01","X2G02","X2G03","X2G04","X2P01","X2P02","X2P03","X2P04","X2S01","X2S02","X2S03","X2S04","X2W01","X2W02","X2W03","X2W04","X3D01","X3D02","X3D03","X3D04","X3G01","X3G02","X3G03","X3G04","X3P01","X3P02","X3P03","X3P04","X3S01","X3S02","X3S03","X3S04","X3W01","X3W02","X3W03","X3W04","X4D01","X4D02","X4D03","X4D04","X4G01","X4G02","X4G03","X4G04","X4P01","X4P02","X4P03","X4P04","X4S01","X4S02","X4S03","X4S04","X4W01","X4W02","X4W03","X4W04","X5D01","X5D02","X5D04","X5G01","X5G02","X5G03","X5G04","X5P01","X5P02","X5P03","X5P04","X5S01","X5S02","X5S03","X5S04","X5W01","X5W02","X5W03","X5W04"
"X1D01",0,0.700634978057922,0.447903460880328,0.374246376209761,0.70090861746014,0.666614364324969,0.699945601414068,0.65195733923556,0.696116617674321,0.817011609917891,0.759990806152522,0.687929735735224,0.714026930905721,0.811849704556605,0.514447002422606,0.581096458395603,0.545985638882279,0.560714325104777,0.469910469835033,0.667824421413341,0.601331249065218,0.437442106339164,0.678772775543101,0.672212241233462,0.647031867813322,0.759425899141504,0.703418730444766,0.717392891897358,0.726249400298439,0.684636776219566,0.825736574356774,0.719253610009931,0.703123289703696,0.699953763880263,0.735056276539895,0.65086498791512,0.703559113478468,0.669066195518809,0.711732662262255,0.751071651019203,0.769408735702392,0.743801067730958,0.69454085690656,0.736677532313629,0.707782528280856,0.711911633300073,0.812682138126577,0.795902581592816,0.803116190837415,0.792413552987091,0.817274456593985,0.829224345576607,0.798078975855672,0.788038319170515,0.71037572553749,0.743825081310613,0.796554850138797,0.704106047926121,0.382812834561475,0.351487009773623,0.364178600828282,0.381277762752222,0.645342426457182,0.601844936815394,0.610231155406318,0.643557808997175,0.72048155669634,0.648030226460707,0.717037258676755,0.726005255450196,0.673098746827654,0.680154474909352,0.673452758971875,0.687076293183662,0.617691016230047,0.514788759575275,0.556752505451944,0.616946455372174,0.76101795093474,0.864993855851243,0.809565338536978,0.778970209943517,0.719487496383031,0.70716928843225,0.767752770936215,0.823954715075002,0.889479071750695,0.8383463733575,0.823072388153752,0.846260327314012,0.81983764629437,0.786091976642769,0.803458266498685,0.791099564247648,0.774768746737352,0.791489437849063,0.762561867983107
"X1D02",0.700634978057922,0,0.470645713882024,0.614493668550181,0.682230270011838,0.678300637472313,0.694997676564607,0.806392580393978,0.643297000518196,0.358138575029993,0.833970690436233,0.787688085819915,0.672324688030057,0.86618573781182,0.542524561433966,0.674043355929566,0.635081330869425,0.67617192298732,0.811827702488365,0.847017411606159,0.827990720685471,0.737392141290072,0.874003262843011,0.857252891109066,0.857640165526268,0.903172527087475,0.889886028713887,0.817795281675577,0.908849642320107,0.833570837113867,0.906781424915648,0.859633956787937,0.861244887628546,0.877886662215483,0.835141476794018,0.816763220731086,0.841080711876233,0.778130187672417,0.866187384338809,0.875398508335793,0.885323656431779,0.881268044512729,0.843300021007652,0.859052046831474,0.870666964242338,0.873768018704779,0.877973508866115,0.871436249619373,0.869307965677525,0.878128999633499,0.882690524405033,0.902954393244589,0.889485193743866,0.900297916058649,0.867492294701596,0.842237040306615,0.908656700530031,0.870954823253475,0.751029000071346,0.728052948283329,0.783093932929296,0.787941421980117,0.817508415716154,0.750452998404932,0.802419821251037,0.818030210314802,0.818832357240758,0.774081866208047,0.835238963198928,0.834380077841782,0.831643584214178,0.788318321672166,0.861917174099702,0.794035692569839,0.818639952120138,0.74633349250272,0.834651818686637,0.838070605061774,0.881439937771003,0.868556790683392,0.838216227943966,0.861414999009222,0.88594822876654,0.865237223794532,0.868335990585565,0.889881306731236,0.921147268057779,0.892248464463231,0.895703541544024,0.902340583072958,0.899051110718659,0.867132001431742,0.893722733852992,0.903247340592738,0.881428759252285,0.893579291512102,0.89422034158319
"X1D03",0.447903460880328,0.470645713882024,0,0.268136505735705,0.640705201802323,0.550234615305294,0.578020661782903,0.59391496175994,0.452930184074756,0.672850165922892,0.570253030435378,0.54977760712229,0.546587921118659,0.688693168919777,0.436635448618383,0.409270148609117,0.430919799600809,0.411856028877185,0.664658434212566,0.764519112843415,0.733398050549405,0.585124501130616,0.77301687192308,0.763359682892871,0.740210172663291,0.846134235196391,0.814101896781935,0.766348187704444,0.817276718792342,0.778580752909492,0.864240362221537,0.79629104467964,0.764239858442831,0.779325356598777,0.790197146857029,0.757059623752703,0.799169147710186,0.752742552060883,0.729540383033558,0.777164646938001,0.775518982195311,0.771074440337389,0.737005448294028,0.816552908290126,0.786419993561807,0.803442252192197,0.808196335123242,0.849908845416418,0.839989151140064,0.790987111689015,0.773729947853556,0.859141172876497,0.822817862880915,0.809885919195252,0.792476135166463,0.798842185708129,0.859188165755216,0.75906373268471,0.495259586263648,0.467231602794054,0.565235522653057,0.499989824001174,0.747867218881636,0.652405930730442,0.673239993142957,0.709150160288655,0.70811497087016,0.679576317827037,0.722349137062917,0.751742986347767,0.709391046684569,0.677116406922374,0.70267863549063,0.721393630389677,0.721007000179673,0.560824313304114,0.674843155274707,0.725799202738497,0.726476985791301,0.857800757233524,0.735295949430234,0.742382751517191,0.759245108505682,0.74072303898795,0.728396104223279,0.781107914627542,0.897864832474555,0.781014113790035,0.774972126020313,0.794647023419744,0.809019953389543,0.731203792268068,0.794969113510868,0.850514174001261,0.825559644720375,0.814909782535032,0.809040977729827
"X1D04",0.374246376209761,0.614493668550181,0.268136505735705,0,0.658735474464729,0.541750948218466,0.573844280012553,0.584104596850611,0.587637199999395,0.76669491360261,0.604158765097709,0.626313435128377,0.625468762149179,0.754080631350772,0.455149866225453,0.457043503995969,0.410179178520514,0.462454379549643,0.593448685917869,0.727561581553746,0.685621912188403,0.52698662983503,0.737642234579148,0.718431623610883,0.700175325985336,0.818027291269737,0.778316354925184,0.738927103297182,0.788625880224931,0.749263805700297,0.867226059037476,0.771303214185205,0.752898695984204,0.749069148361426,0.759560076756443,0.707290189006306,0.748289912911055,0.716928786483257,0.706200491532333,0.759653461489693,0.737938233711428,0.727648733511109,0.682181843542352,0.770675981975877,0.734823894112964,0.753283093988935,0.802482106180016,0.816890902105968,0.812023189826378,0.769038989633831,0.767369781601022,0.822806971388468,0.787374507351656,0.787010782109966,0.74880624167271,0.774493232911926,0.814379047917221,0.719749238685752,0.42845393284804,0.384153408400125,0.474397118614041,0.435915723585557,0.701177782346058,0.623916759889989,0.621412830330745,0.655732663207293,0.701987793461905,0.635951197355667,0.677123681059407,0.689849381963431,0.635310546518484,0.667636135997166,0.644747540684578,0.673349560489279,0.678327835756604,0.529116396632176,0.610351454130486,0.672587603123716,0.707253874191941,0.870691787634085,0.74897325991161,0.68925132102156,0.715841312505024,0.690265706673782,0.675346731036837,0.755691873150353,0.898284377417005,0.765440417320825,0.779843261211502,0.787450526944717,0.805205014167448,0.726493156417803,0.787840029808337,0.822505571031612,0.801067843546085,0.794075964756814,0.774358309032401
"X1G01",0.70090861746014,0.682230270011838,0.640705201802323,0.658735474464729,0,0.316341684057642,0.310646566005051,0.644727519510275,0.616485815903164,0.581486327957982,0.73974833322038,0.667529552641295,0.624910705565697,0.767457584661973,0.484151636820498,0.504355469468761,0.501902781165969,0.516615772928629,0.789168627299597,0.744366670951675,0.709328946892638,0.630603660737057,0.788882118881912,0.763916663132097,0.734901590023989,0.825065209483821,0.820315456946741,0.708259984086984,0.802152934457443,0.721301705776906,0.827088040783966,0.769372407130079,0.73480078040042,0.73581007194712,0.695537726107107,0.693870617464977,0.734408483660136,0.631658710655665,0.68426453938811,0.724600840572672,0.75116933592764,0.749411689893853,0.697738852853158,0.736795302393857,0.739144177898772,0.776333255725761,0.758729678581886,0.778091452763149,0.735733479544515,0.784584100393404,0.76890254085083,0.781044566911458,0.800740128263499,0.786068287772247,0.733034928511043,0.759883708957916,0.763734993177661,0.751336136920529,0.594160347954031,0.638756318246254,0.728836998061052,0.661382216257662,0.625944389598228,0.43446579830894,0.584296949030724,0.637076335273579,0.67414085943367,0.581954934524733,0.685270607637932,0.680759541286291,0.692097421924976,0.607625709830713,0.731606023430234,0.631465589521648,0.665037097034196,0.555104943901378,0.678988444682495,0.704795791266415,0.692830090474572,0.794031388276783,0.691313051159094,0.696074373661473,0.761747754685399,0.722754697793157,0.736583207232887,0.743310511367295,0.869731798273309,0.779945043516836,0.78334284286223,0.772738049173587,0.743331489546108,0.747664247393129,0.763401433283594,0.718630898796799,0.718725892905989,0.703089286329472,0.727314202683308
"X1G02",0.666614364324969,0.678300637472313,0.550234615305294,0.541750948218466,0.316341684057642,0,0.238715609524527,0.560058724115761,0.60181832555938,0.656272426491256,0.572443930336606,0.603252789187226,0.612259247990597,0.691683984963504,0.405305919860735,0.390322495471598,0.395793347360612,0.412572529619384,0.778310031654177,0.721260034575951,0.683973654162859,0.61250283369099,0.761891867013628,0.71811122007458,0.703073504054001,0.815368408408206,0.817985863742356,0.674201212834127,0.817114289414276,0.70919366325164,0.810406389340985,0.734716298565601,0.712693795019487,0.70260840438677,0.651178741634908,0.671382741265832,0.721496952499563,0.598294938536293,0.670131265684182,0.713937600610038,0.715161268694658,0.712404364314345,0.643585123564149,0.719755040876225,0.702194562010026,0.7702373657046,0.744108280712664,0.773281502440135,0.727114164341093,0.779395022579349,0.7033505868386,0.809616001729911,0.769114862748806,0.764990849680988,0.704384009360119,0.703390167596406,0.762717597934337,0.711381663618463,0.522630878614136,0.559106955151545,0.678895654471279,0.593936669847939,0.59818517274749,0.388088097610023,0.5206597064256,0.576755095852576,0.616840126733904,0.51888737953915,0.621173598962312,0.645299352795228,0.611104142213813,0.518119651283693,0.625594885270773,0.582275409668853,0.639982699616485,0.498453400711153,0.625837678504809,0.6543610476638,0.616531882677462,0.83128178902427,0.666618486332219,0.607122735478806,0.722933629805013,0.664105239800007,0.627292983064197,0.638211588050206,0.866035758841766,0.69047778991167,0.727010717623772,0.703858812855889,0.717050552357594,0.624394231875584,0.737070231300897,0.715397380893427,0.70304468006322,0.695857484325874,0.682125123127671
"X1G03",0.699945601414068,0.694997676564607,0.578020661782903,0.573844280012553,0.310646566005051,0.238715609524527,0,0.659014640015827,0.664235906727684,0.650895969843402,0.606998110725778,0.726414060825267,0.707243056279959,0.830460600765317,0.539197821322269,0.501902699639392,0.501312892487068,0.538387211989371,0.784233389299683,0.794269420183598,0.734073800356153,0.627819292154167,0.804698228304433,0.77390730486226,0.767388648495586,0.846706286469747,0.824358277243633,0.733067646477291,0.81873437584165,0.750327131629174,0.860039329519216,0.790734056346318,0.775658196313632,0.748108202021896,0.726943455377358,0.734294825283945,0.769952557662154,0.693511224878786,0.736964728772175,0.767467272807844,0.778790565310937,0.794956011586555,0.718472506791363,0.78936971249392,0.780719810573736,0.800064144911696,0.793946658041621,0.816761343341611,0.790639004066707,0.811529156986371,0.762676391758807,0.834489402907938,0.846725956960261,0.815459596745663,0.78121697145555,0.805551516665008,0.82134200929225,0.799372846274697,0.5790881273764,0.640206522652317,0.72309177385267,0.655771699243849,0.660450255944866,0.45506395393862,0.581295945506129,0.654629123759255,0.684631791835254,0.634252121331359,0.690100315548913,0.702006218510461,0.688674236011669,0.630289898143626,0.736222749052949,0.67509644196945,0.698840766749702,0.605327022388731,0.705178448573733,0.725046372995747,0.6146453925772,0.840900575729484,0.70512201356777,0.673058605811435,0.808114521296638,0.753468901808204,0.664414056995548,0.690315123005068,0.888075334311011,0.710007011345682,0.78737004272337,0.766309595623585,0.784872405437074,0.713242199374411,0.807066210255674,0.794304346526284,0.78086076726853,0.755525709163554,0.780120206508259
"X1P01",0.65195733923556,0.806392580393978,0.59391496175994,0.584104596850611,0.644727519510275,0.560058724115761,0.659014640015827,0,0.604344686243346,0.847460166852026,0.576833643269558,0.55057386601263,0.606297899996819,0.62172199839225,0.580593154449291,0.448988043951514,0.462719594139422,0.430405378595904,0.734394853734666,0.742534866706484,0.670920430195195,0.661797848044532,0.681355762727656,0.672940005421443,0.651360442356494,0.768762691137897,0.770176562580358,0.524835232061174,0.741256257660514,0.632207841008584,0.648858375316419,0.672354647540036,0.599930917929357,0.681734871188165,0.659264002045695,0.642608113899647,0.706934849962107,0.636512538557886,0.611288427865627,0.658756249154167,0.642777288674151,0.619488167515159,0.630259080195396,0.694527072212299,0.6891502098618,0.750805941196155,0.613231588409232,0.677773837683975,0.680895720505589,0.634190689235695,0.606386444260555,0.682742855534213,0.679391462542404,0.696565252970449,0.654748740977091,0.679864948849758,0.692530644725746,0.616291980199102,0.521530558487628,0.579960347086733,0.655803380456236,0.551260984022078,0.638448137376166,0.58476797088063,0.567256391969166,0.601561499128613,0.485407890135764,0.455112852704709,0.498280325593617,0.487822926085358,0.540122379338541,0.468497257377278,0.516602897279696,0.559697331964549,0.625006557373408,0.520173415040863,0.582655370611644,0.607333626009884,0.663455119887985,0.814113152706382,0.599400021868322,0.647813085306347,0.674443767932251,0.65443041728714,0.64464494251335,0.664053294497797,0.765243820169253,0.670375624100736,0.580284916083993,0.612501392800752,0.670330548672431,0.584705838500904,0.62486148139089,0.750223938834545,0.697824028914775,0.732989324560887,0.687658170745888
"X1P02",0.696116617674321,0.643297000518196,0.452930184074756,0.587637199999395,0.616485815903164,0.60181832555938,0.664235906727684,0.604344686243346,0,0.770937219247854,0.458904446125949,0.350567532453287,0.3746211609561,0.378944027383185,0.525079598644439,0.407090493644714,0.606379461623363,0.457518193966895,0.841564429786429,0.867488486368549,0.842903721982617,0.771891211390892,0.866992778290541,0.850388797616118,0.807883737754722,0.91633735460489,0.897349777177536,0.834899277576833,0.861471841714175,0.834187594380182,0.861324555813742,0.856047138693522,0.797858198454926,0.821939183939706,0.843522534097934,0.841296543574998,0.868941274029883,0.806040934537325,0.768618184846987,0.808519279292598,0.806090137613222,0.810677032309628,0.809354185312139,0.862887123275779,0.820613576405244,0.870505327581293,0.811977211619293,0.887528444754497,0.852391230980565,0.819275695660923,0.81134346999423,0.87408121972,0.84504013590435,0.845004570182999,0.834522564454663,0.823452398061718,0.859336711677506,0.792013440926165,0.682890565463646,0.66578958704612,0.760189962625738,0.688013536452544,0.806924127488768,0.72538977659553,0.771662129538905,0.784242402472471,0.760360044238992,0.723692394817374,0.771353641881865,0.804502458606174,0.790355956841774,0.668195575935009,0.767161368208035,0.764011299528948,0.806413532177209,0.663103844700161,0.79543128226106,0.825969812608137,0.757592638617338,0.827873912727998,0.678865619089973,0.76937242981427,0.778268930808905,0.787039365193506,0.785684739127456,0.77290438331228,0.901554476835894,0.770566558211139,0.777846833669595,0.794951455306951,0.80574917245967,0.766553302140021,0.822811263188877,0.821087205066901,0.804782564370887,0.775327402398533,0.813203667638076
"X1P03",0.817011609917891,0.358138575029993,0.672850165922892,0.76669491360261,0.581486327957982,0.656272426491256,0.650895969843402,0.847460166852026,0.770937219247854,0,0.870668468109868,0.804996954135304,0.708411641844616,0.876452608869877,0.680700616159763,0.773844408334122,0.637667430129405,0.738312283408038,0.890773830205828,0.91799633052554,0.875175340381867,0.78443499796559,0.934531198252535,0.924836940256117,0.918325130712087,0.951141373998546,0.946180878342968,0.879372062067447,0.957139465947513,0.88287763295195,0.941406837837973,0.919617929656947,0.913011553429601,0.933404999285168,0.893212003949508,0.874885463393622,0.900738509692627,0.84204495204793,0.922236016105049,0.941325061380749,0.931071315140332,0.930682576932051,0.897225646472576,0.906828149247805,0.919598016575274,0.921550755086962,0.915592623965388,0.910900257967921,0.910976718027474,0.924613126869174,0.927668443105041,0.945867901795466,0.936423521315608,0.945098249826676,0.925901063714459,0.895066345284125,0.943512070512623,0.92983976880394,0.826352545623377,0.84110932916361,0.871640346213807,0.889089731965843,0.864576120341715,0.7592735002851,0.842707946960796,0.887252885380076,0.85573271146555,0.777097077169158,0.89498617203697,0.871154400315781,0.896837129564452,0.828932689273526,0.929072424095287,0.832665407905161,0.898557987629581,0.80568644639267,0.910012042452219,0.907931112785588,0.92416762617882,0.891091969722331,0.85963653955997,0.914481926124557,0.935159799149809,0.920648504987298,0.926849937304702,0.913349553799489,0.947522579096499,0.910737758201899,0.919141738837818,0.92985144910174,0.941308375789265,0.918313517397503,0.929264949084919,0.939281660505914,0.921628256810366,0.933276287883689,0.941541945257704
"X1P04",0.759990806152522,0.833970690436233,0.570253030435378,0.604158765097709,0.73974833322038,0.572443930336606,0.606998110725778,0.576833643269558,0.458904446125949,0.870668468109868,0,0.521431198721223,0.559609566876524,0.522965027125125,0.688145161735684,0.477276835472854,0.589206555996468,0.550352332485831,0.87585838685598,0.910341571229354,0.874072595052708,0.82133885913694,0.885780840932837,0.877571560354923,0.828289143467298,0.938609263141645,0.908489120523067,0.84622502198678,0.878281145234365,0.87145578188446,0.87363721649809,0.875972348165459,0.820017821008816,0.838318655398773,0.896283987768509,0.891962389174354,0.897909951726667,0.845920531968841,0.776858763253792,0.831513934705843,0.798076180567248,0.831248666623016,0.815366960405716,0.884483180932671,0.838422179532018,0.88338408671071,0.823104719877842,0.908530697782094,0.870919903513194,0.817533323123202,0.755512224727881,0.885757118281442,0.852533244536043,0.862755369206543,0.858087525450419,0.857563892612539,0.876187155658613,0.804288353677854,0.696034696820164,0.723985372956896,0.786414778645845,0.71285665517182,0.848156323927574,0.777647840962505,0.787181483228185,0.811983074378395,0.742018559046597,0.74886143884055,0.760648839205955,0.819623514857823,0.757278806958215,0.674403580286834,0.74265933810803,0.778431102735489,0.848263256425369,0.712276783112412,0.82612733392505,0.848948474539067,0.604925270814452,0.818947162951782,0.647171684047728,0.701546196327646,0.786838047631805,0.791912403231924,0.660265239652712,0.658414078238003,0.91532391976807,0.642041839081824,0.732111138637007,0.732040677967354,0.806083200635519,0.659036325038262,0.808830067727208,0.842772622273437,0.82832869740212,0.791820179549123,0.829533595968135
"X1S01",0.687929735735224,0.787688085819915,0.54977760712229,0.626313435128377,0.667529552641295,0.603252789187226,0.726414060825267,0.55057386601263,0.350567532453287,0.804996954135304,0.521431198721223,0,0.334383887787795,0.352398863271739,0.584073483809537,0.442845408635992,0.478128618478229,0.41870967699987,0.826283247197426,0.816979528099039,0.80148158024367,0.7634458150706,0.803217375765978,0.782879658276427,0.752872622832025,0.874871651143291,0.874135108365838,0.752365500882524,0.844762996117597,0.802988225188618,0.777215001360952,0.79204396699182,0.735990204775332,0.77689545048841,0.768825228391252,0.801325333971958,0.820226018426309,0.738496224616933,0.728285038076555,0.723640431266969,0.77156938521407,0.728669603674136,0.777475559045155,0.812108189741141,0.771815124950872,0.842687475597851,0.767007022349955,0.83908729787666,0.801240882200852,0.78186028928083,0.747089071980501,0.830051631757108,0.778902999983878,0.802098858940997,0.768298688068388,0.776897330880098,0.796138668713059,0.715481641194931,0.654497203332974,0.626486729643545,0.733797089716822,0.654035477140258,0.767409428990933,0.693320253293168,0.743710050360254,0.743719444341219,0.644559881277919,0.655800830096978,0.7078280463652,0.750818744850553,0.732932670331137,0.620777294146975,0.69625389512671,0.605187332470467,0.738110053325998,0.556361793466891,0.726044394593118,0.746538033433258,0.757721748491216,0.811859716785674,0.708083293295453,0.763349516034553,0.741508095156732,0.759136000301939,0.773986367761784,0.764272769482015,0.852510223643833,0.766325316192947,0.73337245227256,0.72524738501613,0.742410388599413,0.714290554350183,0.763893027290687,0.762868066462485,0.743374536522065,0.738442068166643,0.74076816159654
"X1S02",0.714026930905721,0.672324688030057,0.546587921118659,0.625468762149179,0.624910705565697,0.612259247990597,0.707243056279959,0.606297899996819,0.3746211609561,0.708411641844616,0.559609566876524,0.334383887787795,0,0.433998679849241,0.520974106380997,0.416978867459893,0.494124376843105,0.455535691489095,0.848376596971931,0.84375358299879,0.816045729200154,0.754889617732741,0.847449598382252,0.825594226558351,0.793518539833785,0.89174006674701,0.902585193591774,0.792105335978772,0.885727415637433,0.808423596555296,0.835148137976875,0.825939752865105,0.790436136476302,0.827889539613672,0.801616296388348,0.80776974372241,0.838793276331357,0.765374716256856,0.798276495265712,0.789137289373739,0.812482015403134,0.806788418871735,0.800644506601876,0.81831061956494,0.788425052875479,0.854146413006485,0.795542787047544,0.844120956465317,0.790783050230513,0.828972607862606,0.797570161065207,0.856603883983555,0.815932296924229,0.838849037930294,0.802497390952833,0.782755814122446,0.826412227359444,0.771947959927481,0.682699381184507,0.665335416869524,0.763625915013519,0.709545742653956,0.783827643452606,0.723348179044624,0.771487916355602,0.775502593425774,0.706118862736231,0.696943926397054,0.75602149219392,0.788725400864094,0.783521456421478,0.670837762589666,0.781205028752118,0.658806960217988,0.772164114249539,0.62248000467734,0.790569702017751,0.799405548693859,0.823946310339239,0.847295138917482,0.717168401470224,0.781861136551925,0.77703696377699,0.791665484503154,0.809581247151277,0.801822546156611,0.882372675068692,0.798439700514266,0.783525812507891,0.780796678520156,0.809623913738285,0.777366827792894,0.813132659935693,0.787535388872571,0.768144054704942,0.775599014408478,0.791322295941411
"X1S04",0.811849704556605,0.86618573781182,0.688693168919777,0.754080631350772,0.767457584661973,0.691683984963504,0.830460600765317,0.62172199839225,0.378944027383185,0.876452608869877,0.522965027125125,0.352398863271739,0.433998679849241,0,0.657636842311545,0.493524839503378,0.650851261019761,0.481834331116676,0.896976343990004,0.872619774947465,0.861287574466282,0.847214336979163,0.853359137545945,0.837000149390445,0.802562329088978,0.907843629147134,0.919128825189908,0.769831008710279,0.903472117015676,0.846270725907754,0.756990379505925,0.811647281343844,0.760291938163501,0.817686943462348,0.751071728763923,0.850819652111854,0.862896740715969,0.713447359481738,0.812945642416323,0.783898928079235,0.826595201978537,0.80046859260572,0.843430905654116,0.851378729817998,0.818990059038789,0.887715060828077,0.816200515156087,0.870324525607187,0.828145851234153,0.854391543838851,0.799387079492256,0.858752756226324,0.808620736281848,0.863914393557525,0.791764552426434,0.797609754562432,0.772077789480822,0.741712949920998,0.751938461355541,0.673909509596982,0.829330854500563,0.75442484735526,0.834670361548705,0.779591177559456,0.828099058936884,0.823737165253017,0.762773303744325,0.724251600801146,0.760497512037046,0.824042700008878,0.831384072337329,0.647852325940797,0.789158346259972,0.781797906535034,0.818273214361606,0.657746555822004,0.809074552497153,0.838459120325667,0.842586677831372,0.817985804021953,0.756157055424873,0.806661599393301,0.788687224198585,0.816397431991666,0.838820220859098,0.81605511819181,0.885743188330702,0.810504851886597,0.793124157866019,0.75524246779417,0.808593162887254,0.797187888956005,0.800565562683905,0.786106489857221,0.759322898175678,0.78347602776463,0.763704722290717
"X1W01",0.514447002422606,0.542524561433966,0.436635448618383,0.455149866225453,0.484151636820498,0.405305919860735,0.539197821322269,0.580593154449291,0.525079598644439,0.680700616159763,0.688145161735684,0.584073483809537,0.520974106380997,0.657636842311545,0,0.411668464730554,0.34936472507769,0.369858026089841,0.716533915815968,0.659056116668525,0.649367614159116,0.559121622128158,0.732305540938682,0.710261700011391,0.647663228408039,0.780916417044032,0.779134965484676,0.687842918534848,0.810921385605542,0.686972535507753,0.81406704602487,0.708749464347963,0.719911935533243,0.735723235400607,0.66408413356488,0.616966992607696,0.673108446459881,0.539145672759015,0.678620039707693,0.703506427040804,0.730671836980528,0.699269895572029,0.649399321492871,0.697374909357761,0.67324553210828,0.724823919212715,0.756489859629062,0.761289840929791,0.727688492617184,0.767040135003593,0.758628554104427,0.796210153173067,0.75276825985008,0.756053174814046,0.665386556572611,0.675241677979004,0.743203544849394,0.688184925921429,0.486419240361492,0.436628706230313,0.559366149725407,0.490231469466123,0.599260995548966,0.486141305948718,0.557191738166506,0.602299879677623,0.674196543291155,0.509816305317491,0.662046285628042,0.656905569683166,0.655541766621477,0.556004719178606,0.666438773796187,0.571149861505331,0.592781828303384,0.40749040724857,0.591080916751146,0.610608551950917,0.75228472502244,0.833540419004439,0.7374551227965,0.716157824503251,0.681395365646911,0.658279624621957,0.727593470204246,0.760527308259939,0.84900367971734,0.798277840127908,0.764612191694278,0.772825751021723,0.74724245479711,0.725885747955125,0.747860468086121,0.6844934409529,0.672907316586473,0.676022135781618,0.653737492034968
"X1W02",0.581096458395603,0.674043355929566,0.409270148609117,0.457043503995969,0.504355469468761,0.390322495471598,0.501902699639392,0.448988043951514,0.407090493644714,0.773844408334122,0.477276835472854,0.442845408635992,0.416978867459893,0.493524839503378,0.411668464730554,0,0.372903105709574,0.238024387312037,0.732853092871016,0.72432874209513,0.700940003935895,0.615901930121762,0.740463564838797,0.719384119733698,0.692993097860672,0.809820743698691,0.828093816348597,0.66802515964575,0.792363975507822,0.712312259476533,0.78014960947082,0.751211227777088,0.694379329235657,0.75100888575406,0.65729559833731,0.679298820350687,0.734463930076342,0.621228269515341,0.681760355492516,0.688873970317355,0.733788426435718,0.720678330623471,0.687115552242161,0.749660207890188,0.731993994129515,0.801019001994615,0.746287859173621,0.790823326421808,0.763271236695106,0.785490784848397,0.711575373764351,0.829425312560264,0.789377856654305,0.783866052302441,0.7369457519092,0.730228695233771,0.791423343087314,0.715582688672841,0.467744557818675,0.500230336060244,0.62166641758794,0.510308438377562,0.667931281253883,0.560000285780433,0.58663412705101,0.620481182487648,0.598387494314163,0.592198139823216,0.637733606025645,0.674834871008671,0.639744658574452,0.543167285820893,0.649007736371947,0.641171256738323,0.650374227592034,0.459511862292626,0.618172447802238,0.662628777868559,0.646560839619902,0.823857117424068,0.658930661433618,0.672567778652751,0.726423417156799,0.699290036393698,0.680767720476576,0.713548857327823,0.859699037412237,0.721600919446368,0.714369812551424,0.706538427975448,0.757467244889982,0.671580130255937,0.759996721136097,0.756191504922224,0.742732768313775,0.737953228479042,0.73581237683579
"X1W03",0.545985638882279,0.635081330869425,0.430919799600809,0.410179178520514,0.501902781165969,0.395793347360612,0.501312892487068,0.462719594139422,0.606379461623363,0.637667430129405,0.589206555996468,0.478128618478229,0.494124376843105,0.650851261019761,0.34936472507769,0.372903105709574,0,0.32206795370158,0.716681227114078,0.717928608222627,0.659925338522074,0.569646403459448,0.725989816261327,0.711740046506722,0.671697497322375,0.793005878204547,0.803713529412879,0.668174569674362,0.795044676604773,0.703418032517283,0.797836229216869,0.741092583394362,0.71076633304651,0.728084178983819,0.683517341532707,0.660945893057144,0.703720486770322,0.615913948200285,0.677449289831348,0.703331456620665,0.699772948837703,0.696700657331796,0.663988968769146,0.728254531427648,0.719080633080049,0.768944110240376,0.738103384104839,0.762427911620707,0.747255284872137,0.745834641499833,0.703786837604516,0.757194908523555,0.743900431617574,0.762744818481797,0.702182924479766,0.718745682012478,0.731936324277616,0.680228175555689,0.446646680225392,0.470045390370088,0.592714503556946,0.511820552283448,0.6399275403597,0.504390398407629,0.563653088789206,0.624973674759802,0.578289732719021,0.51642948448088,0.630866971147518,0.616977020684075,0.617921772896328,0.540985427559556,0.632746281238883,0.545105263873023,0.629023447058096,0.440725237252395,0.606715659022166,0.637644789474244,0.678487901926749,0.839759111710536,0.691093660232946,0.67514988637705,0.711560723964232,0.685746794086777,0.685571195031575,0.728633597187413,0.864112653926659,0.744751733668991,0.723390588878415,0.716817776547368,0.73204585876142,0.674677895636841,0.723327242188688,0.75859145011958,0.730807534815187,0.740277629383073,0.703445506097958
"X1W04",0.560714325104777,0.67617192298732,0.411856028877185,0.462454379549643,0.516615772928629,0.412572529619384,0.538387211989371,0.430405378595904,0.457518193966895,0.738312283408038,0.550352332485831,0.41870967699987,0.455535691489095,0.481834331116676,0.369858026089841,0.238024387312037,0.32206795370158,0,0.718727071754849,0.708952471382877,0.671063148574702,0.587202126890518,0.704790711790718,0.685478590748366,0.652707609861278,0.795145567831105,0.810473259444809,0.627009916443981,0.792909565107853,0.699877014911281,0.765865511086488,0.716356079087074,0.669614310760766,0.714558184322664,0.630563460449297,0.650654017514262,0.713872100983619,0.588459021995213,0.675915961330117,0.700997219391627,0.747880913681352,0.697059375062663,0.669903596848632,0.732753119850278,0.721752149136749,0.781713596180459,0.734820781122956,0.777899826355076,0.757921011097914,0.754201523883579,0.711478573601967,0.816774578390914,0.76971526125574,0.761245570239224,0.70080793102763,0.722893071549616,0.779547939286624,0.681191540413049,0.455888675137957,0.461087149602269,0.590017654522448,0.492675935113296,0.640044469944622,0.517450333051416,0.573821399366925,0.608929419693783,0.587135489254287,0.533340362409934,0.60689174979276,0.626209332142056,0.628498001556188,0.518727654991407,0.617361081098723,0.582119704314012,0.631440469029799,0.421583466740158,0.578167586352217,0.622616575634432,0.710662203731616,0.834459757706447,0.690260641010878,0.696012706433618,0.708105037033162,0.684920519166364,0.694800194866775,0.753868123638204,0.854002877063,0.760340315349502,0.718692691784452,0.707426667338735,0.728787318251266,0.671505661136307,0.725916138658266,0.771559194629393,0.741899580778377,0.749913930356142,0.705119971740269
"X2D01",0.469910469835033,0.811827702488365,0.664658434212566,0.593448685917869,0.789168627299597,0.778310031654177,0.784233389299683,0.734394853734666,0.841564429786429,0.890773830205828,0.87585838685598,0.826283247197426,0.848376596971931,0.896976343990004,0.716533915815968,0.732853092871016,0.716681227114078,0.718727071754849,0,0.515709528314922,0.399132001811123,0.372516767022976,0.505582908010249,0.462445603235006,0.488171916548789,0.577021848708996,0.505771024956399,0.606685010797123,0.517680761020454,0.507507772975638,0.72852603132162,0.570898173619791,0.561502127574246,0.574511112508379,0.667728271809245,0.544222363984122,0.502192472144952,0.67384950115173,0.683182373462674,0.697331610304099,0.684296453684376,0.684564087033736,0.591779829974177,0.596795048398566,0.587407575971195,0.570314457718074,0.712765291065999,0.671784794608645,0.717637130925339,0.722997957606574,0.740430874413764,0.695859605927921,0.674503013680679,0.68405807946516,0.626759689486429,0.63075247295307,0.696130919618342,0.609964373410982,0.469372212730658,0.517306836441992,0.424162548920823,0.514525519617025,0.519970005982328,0.630906568527979,0.56222220189168,0.562216404663814,0.689140533433318,0.683717996095773,0.704668137982516,0.659847173240104,0.63562914883789,0.740521956647694,0.663118616671061,0.698460225464041,0.556416749494997,0.608530982583661,0.518329131424761,0.576058749049808,0.709865572553411,0.830756856855529,0.828152300981535,0.716112133720456,0.648974623324081,0.634643065174007,0.693539829775139,0.820720468926295,0.839215571089207,0.823051261253407,0.769769965149472,0.791201262354143,0.760690480958599,0.749821276892606,0.724783251733089,0.804560589655325,0.750845486041112,0.816850607840614,0.738700477705313
"X2D02",0.667824421413341,0.847017411606159,0.764519112843415,0.727561581553746,0.744366670951675,0.721260034575951,0.794269420183598,0.742534866706484,0.867488486368549,0.91799633052554,0.910341571229354,0.816979528099039,0.84375358299879,0.872619774947465,0.659056116668525,0.72432874209513,0.717928608222627,0.708952471382877,0.515709528314922,0,0.456178759370539,0.525116276298425,0.566243397648931,0.50924688649488,0.514334070086006,0.540114641485526,0.598642067283124,0.588726993979614,0.618196947203638,0.556605114798426,0.684444473314712,0.512891982372709,0.550065220933187,0.568061930353697,0.573300349262695,0.462612180018748,0.429692552002039,0.494712433271427,0.615813087682188,0.624229626004482,0.584119765122933,0.617625407868874,0.534404958899486,0.547693017148674,0.517580747374975,0.550820907321111,0.680806691165716,0.620268107639881,0.642865242183318,0.706073258106289,0.689435380348996,0.633582777790906,0.657983040181761,0.630718387683218,0.462421604397279,0.526296238304906,0.585087893980679,0.580934809724837,0.602852765167244,0.583911374593669,0.579995281361155,0.58026645800418,0.428814859293721,0.562046731933927,0.515164704255527,0.451747369781916,0.648652611306937,0.625924341454878,0.638532959844165,0.631752313815011,0.576516394317601,0.658149086763694,0.607081383620661,0.581656784356962,0.474176779172605,0.542470158947135,0.489228761161976,0.478709869635767,0.649391128528427,0.79362502053124,0.815157772393842,0.642770876628625,0.596588059293491,0.57813227263731,0.66876202863894,0.770182537193455,0.763724659530091,0.799776689731106,0.733234532273469,0.730006424953543,0.690444358349773,0.705269098494101,0.684969510541073,0.603610501727617,0.556535944016583,0.623349672869604,0.547817021867934
"X2D03",0.601331249065218,0.827990720685471,0.733398050549405,0.685621912188403,0.709328946892638,0.683973654162859,0.734073800356153,0.670920430195195,0.842903721982617,0.875175340381867,0.874072595052708,0.80148158024367,0.816045729200154,0.861287574466282,0.649367614159116,0.700940003935895,0.659925338522074,0.671063148574702,0.399132001811123,0.456178759370539,0,0.429980348080193,0.399420356281616,0.38007888152131,0.356209644994018,0.442555838584319,0.455898765285583,0.554701067785761,0.449493491887475,0.417246971791846,0.691637643166465,0.450558986535674,0.495376665934542,0.525416355794029,0.623940382240734,0.441005261844638,0.399227884449207,0.577251708333453,0.627450387900071,0.64249227705587,0.548786577324002,0.612237052234207,0.473394721384672,0.456937008418577,0.472149195110744,0.480646427706734,0.644809110547346,0.568311030356969,0.623925598980805,0.662457428139852,0.660418395645685,0.634094672452713,0.597380813211335,0.568080391175981,0.505826954738595,0.509881564929604,0.602856935468721,0.518521917109821,0.524177082507305,0.578255851998111,0.525525647401565,0.584567105050714,0.407105127291464,0.537375950916846,0.472025504302714,0.461930748126938,0.616717433955321,0.56022384105179,0.604126894316636,0.555531395989463,0.531016212295081,0.633726526514945,0.570761716246348,0.58753280609502,0.482112528395218,0.568468376941663,0.483730339265007,0.490160901230665,0.709359470290472,0.818829601075317,0.801407621619753,0.664193422243419,0.542111172079382,0.54121608008931,0.659603560816735,0.767975366077646,0.773757990542707,0.791114499594633,0.70802908110596,0.718765599430885,0.681213612981183,0.690735351242639,0.654379483864426,0.735337721178663,0.674333021830161,0.7490285518271,0.652897151119314
"X2D04",0.437442106339164,0.737392141290072,0.585124501130616,0.52698662983503,0.630603660737057,0.61250283369099,0.627819292154167,0.661797848044532,0.771891211390892,0.78443499796559,0.82133885913694,0.7634458150706,0.754889617732741,0.847214336979163,0.559121622128158,0.615901930121762,0.569646403459448,0.587202126890518,0.372516767022976,0.525116276298425,0.429980348080193,0,0.568857792244615,0.562965473270926,0.579235595690658,0.630587186374668,0.62733043359761,0.602370969485974,0.594251651698615,0.544020539644526,0.715053253847139,0.602858377398404,0.577113043454727,0.625242669568046,0.651966301549475,0.559075504509574,0.55771133622762,0.604705067360428,0.664360555433766,0.687573712938089,0.705979787830426,0.677626968970295,0.617812700302232,0.650322398493096,0.643667910092532,0.625061312082308,0.714234946506607,0.667078801788977,0.716681562086487,0.732158351737852,0.742152460197443,0.713785305406131,0.709227711297757,0.70496798180947,0.639160051793542,0.630825680500073,0.718444799008653,0.609722241111062,0.402047357203101,0.457978721234502,0.424455712559802,0.462433345166019,0.530822288297217,0.520012396194174,0.518847962339835,0.563945084495755,0.64807364886427,0.567485316326985,0.666563428397714,0.629328206368821,0.614760520602427,0.637987937237491,0.645634061060214,0.6507000306989,0.539231191277552,0.520831017167462,0.51751943046998,0.553150366355827,0.666832837675763,0.825426799291775,0.768354291965811,0.714511856437699,0.684734160269922,0.664382314358578,0.693954973330523,0.791976919680477,0.816032479226014,0.801046605960655,0.755701621669643,0.771201318556667,0.752639889706225,0.735043575549571,0.721086401794571,0.755121002503072,0.713246278852404,0.759941199651844,0.725677394149637
