"","X1D01","X1D02","X1D03","X1D04","X1G01","X1G02","X1G03","X1G04","X1P01","X1P02","X1P03","X1P04","X1S01","X1S02","X1S03","X1S04","X1W01","X1W02","X1W03","X1W04","X2D01","X2D02","X2D03","X2D04","X2G01","X2G02","X2G03","X2G04","X2P01","X2P03","X2P04","X2S01","X2S02","X2S03","X2S04","X2W01","X2W02","X2W03","X2W04","X3D01","X3D02","X3D03","X3D04","X3G01","X3G03","X3G04","X3P02","X3P03","X3P04","X3S01","X3S02","X3S03","X3S04","X3W01","X3W02","X3W04","X4D02","X4D03","X4D04","X4G01","X4G02","X4G03","X4G04","X4P01","X4P02","X4P03","X4S01","X4S02","X4S03","X4S04","X4W02","X4W03","X4W04","X5D01","X5D03","X5D04","X5G01","X5G02","X5G03","X5G04","X5P01","X5P03","X5P04","X5S01","X5S02","X5S03","X5S04","X5W01","X5W04"
"X1D01",0,0.393151162450008,0.323935535017205,0.383373291397085,0.82859712458138,0.850947669097993,0.878310926144412,0.853898856106657,0.835165769980098,0.798824386624436,0.686334359833551,0.836861365333914,0.758394324031979,0.87304671629267,0.807245512011957,0.91495301081684,0.645982969260984,0.628793078567278,0.645795115049082,0.593895371923779,0.411673533743308,0.40192404416789,0.37531142348481,0.364495665938484,0.92578143149845,0.901690609828321,0.878159882386334,0.92934426880599,0.906585748999788,0.887052455060319,0.864868406349662,0.930687596881519,0.896762078286083,0.860484912741186,0.888628114415362,0.765872904602247,0.763546566026398,0.742432894769023,0.747914371151399,0.597798448073876,0.660488233166579,0.72511559272706,0.661338520610566,0.912412562447734,0.920070328711576,0.904927701560377,0.950787679630452,0.825555023430555,0.966760199404364,0.982174115501382,0.981418979575847,0.982185683261493,0.961767967403316,0.800410506978674,0.813198939289176,0.796375400265664,0.591233981459358,0.494741983402815,0.55146544110728,0.908230306361938,0.859642706151612,0.905395785018469,0.876497905137992,0.932598983165912,0.86996442944192,0.912803429695637,0.872729156494889,0.906545303891378,0.871259789909077,0.920408948259455,0.740978522649449,0.757017971684025,0.784576838193096,0.655731698831321,0.716792179294565,0.797911744987021,0.903807400381645,0.931740132076763,0.888836782617467,0.898126357641449,0.975662186898605,0.961865020414262,0.978170353002917,0.976792079016211,0.983114547509856,0.977373513391712,0.972883406167965,0.804683619313658,0.824575577521589
"X1D02",0.393151162450008,0,0.357480544285877,0.396518453528768,0.862190291115806,0.875012348542128,0.891609271359147,0.881641378239703,0.859741169532363,0.810354965728279,0.713825920317606,0.765085820611188,0.823286430390017,0.872209098881601,0.809179592488892,0.914922750484692,0.702867041859125,0.70502355695288,0.674059583124564,0.661437782236204,0.548195490891445,0.610193273390533,0.520722971150045,0.495085304096073,0.95101605872205,0.928063461189362,0.921323131354698,0.950749026121757,0.919906702950567,0.907092795854538,0.899923078108687,0.93275448221007,0.917831415831883,0.858697359702607,0.913057287475065,0.810778652607115,0.791128726905822,0.760285321943203,0.828264101648321,0.639407081201178,0.704333777577201,0.753898485548453,0.699033214764503,0.923999152343975,0.922931261889686,0.922837317578783,0.95155494364048,0.796289431572833,0.965102209220965,0.982515807027052,0.981824050373943,0.982630379036123,0.962136321296218,0.785345030264543,0.793439841221145,0.793946878751716,0.611648597000834,0.570374962708453,0.579474773033011,0.916429342445788,0.891924342981273,0.918364952673366,0.91500713565564,0.934572859201839,0.892112309546553,0.912699259612892,0.92276600484784,0.919608304630211,0.878425999021618,0.908356352592244,0.73839494965696,0.772259448464208,0.782411218481405,0.694680036084067,0.730599108643181,0.797961484130397,0.914689870428295,0.934280380675751,0.887329089098987,0.899709301137037,0.974287185475847,0.96295355719731,0.974323533920049,0.975311924216523,0.982449447964879,0.977122630260259,0.973134079218996,0.798501559285776,0.802899201692894
"X1D03",0.323935535017205,0.357480544285877,0,0.343264310393249,0.759007987729003,0.775040333134328,0.783826257925094,0.772380842212997,0.836770666213848,0.787376843623998,0.661377962370305,0.788247921204923,0.787757985142208,0.847978155941622,0.779890700578835,0.891110898592147,0.627618703459583,0.629504704357451,0.608308630160495,0.595572556157524,0.446155535739649,0.486650855748171,0.40861037857622,0.388135713932388,0.862992417372891,0.817984704431043,0.809632901200324,0.872056924683954,0.873268520201161,0.84987775230607,0.841917096081042,0.882337867485307,0.867751905238698,0.826315922721643,0.866012734339582,0.755853324261906,0.741632604291443,0.711606702923019,0.765143952568855,0.535027400056926,0.582732811424673,0.67589500240748,0.605110137739909,0.79817042466292,0.810277068612788,0.811321994252802,0.930466897830217,0.730631698649841,0.951903372230747,0.967463569453698,0.967386564579697,0.968775509332145,0.934597648843199,0.732599421981514,0.738838947221037,0.749806443327818,0.498995002890595,0.449330079374867,0.438680119985882,0.791648584885373,0.768939491740203,0.796086571616439,0.789202090079088,0.882621286538696,0.830888099412192,0.865024560058271,0.819101451850867,0.873137032993697,0.827901120807338,0.873060485440277,0.677089740244689,0.709875103112267,0.732333861874875,0.593667601872717,0.637769662941931,0.742643573648859,0.813219471857283,0.836067495660586,0.779058118020614,0.787909263096332,0.95950192766377,0.947485690418556,0.966691331628229,0.96471931417557,0.969574732679716,0.963110441941654,0.96139586062788,0.74092593366998,0.75641917054517
"X1D04",0.383373291397085,0.396518453528768,0.343264310393249,0,0.844638065843834,0.856533175907159,0.88131521361858,0.869899768815488,0.847424542499964,0.77205337657752,0.646356691007118,0.781881633326782,0.821332995093711,0.86456109177193,0.777834484971947,0.905544790503186,0.688862372159617,0.680064583785014,0.644278805963308,0.658028117148187,0.484058796920716,0.486424878830181,0.432081461586744,0.375056222173107,0.948993284654673,0.913697086251088,0.912091910349934,0.955194331060062,0.911262852090684,0.901706613165129,0.888501801210492,0.932441636979371,0.908041617508328,0.850197296515151,0.90188951420343,0.807993256597778,0.787325306231668,0.748533446600359,0.83626496618055,0.468012647318961,0.564558899185802,0.608889857393221,0.524011482282354,0.921531668887971,0.909866266030142,0.914126467075987,0.94583739464413,0.724006415152835,0.960679716477516,0.978008025321487,0.979547691817554,0.980977295319986,0.958466853597146,0.722717598044536,0.730942352072976,0.718486020275007,0.382421587171355,0.36660094748666,0.366479407017071,0.905198437012881,0.882469444204242,0.918721154319467,0.896183428545478,0.914984804689262,0.873162279650371,0.89810018949775,0.84795352652016,0.914575021598951,0.869321239646689,0.878403418169254,0.665516976122754,0.75169893255401,0.729957768988586,0.526889905944165,0.559662389639013,0.740386543349562,0.924689074977564,0.932983290921452,0.857826613091797,0.905790064348141,0.976991559477086,0.958341268624885,0.977258143310385,0.977206091279015,0.981817390243572,0.975431956180518,0.975057405727406,0.724050196448701,0.729181370891358
"X1G01",0.82859712458138,0.862190291115806,0.759007987729003,0.844638065843834,0,0.276371805299318,0.344099831715668,0.298505338129179,0.756630349271536,0.754774879121572,0.796194531139216,0.841245811957234,0.745457181441313,0.8401448184016,0.807343815645887,0.897353815323923,0.709894408674119,0.73166609534105,0.719075096184983,0.70354478172478,0.757086362269983,0.809515786263216,0.799497780144482,0.778632677070227,0.709447561717903,0.565160178968672,0.552812038571499,0.80387637578995,0.744256019501606,0.656901592011703,0.669165488622258,0.828363751765093,0.758588768575936,0.819799698207262,0.73351694638366,0.662482651166158,0.669447368719614,0.651895938081599,0.741186135918141,0.842517501595381,0.829171020978687,0.847215302627973,0.83051333378494,0.624546439977187,0.615637628392312,0.518101831228675,0.943818589312521,0.7731640810027,0.956712275499208,0.97407218446356,0.975020785394517,0.97327591761661,0.945165019112548,0.744572955224409,0.734750957167868,0.738108048898353,0.847732781969006,0.831942746301573,0.820390264869864,0.500098045603804,0.409711850817518,0.448001563532937,0.445421277344765,0.865623094915979,0.749479567232105,0.860883861358938,0.900417001888393,0.819202828504661,0.843299082159148,0.866981889049242,0.664080374783123,0.724049543326323,0.747533585904536,0.834771412620243,0.87777814046174,0.893624880544823,0.68701437726794,0.692918731864011,0.628492680729193,0.654258675218557,0.967976018249926,0.958874800857066,0.973405899656295,0.967675486411908,0.970984460284664,0.970960349809089,0.966824336835669,0.775445399049292,0.808899740163389
"X1G02",0.850947669097993,0.875012348542128,0.775040333134328,0.856533175907159,0.276371805299318,0,0.284260233240455,0.185582060457267,0.725919696016893,0.731784587064134,0.770498412830018,0.811965911196859,0.765644581808132,0.803819173208066,0.766978985952778,0.880603625280218,0.749781445376583,0.774152861522628,0.75083640052791,0.726390752603843,0.786069994942816,0.834602991225809,0.837636677457128,0.813433351341561,0.799538895803154,0.592413923183569,0.582650912524435,0.84576157595154,0.785877144144823,0.674144910541265,0.70330250033803,0.825687007628319,0.756689101428234,0.784526723998776,0.76469662794025,0.729956151939508,0.759894167300806,0.73799271097127,0.770559451700253,0.868187894032269,0.844276962758746,0.884011436546204,0.872549503599518,0.698839255249023,0.687368577879474,0.569474648985286,0.939949191650406,0.812642261517447,0.953372525802224,0.969351414470189,0.972930949017453,0.969751790407279,0.939873457427413,0.787157727750495,0.804351600344786,0.785874875879455,0.855038902601559,0.854423711401583,0.830607098014,0.568842798243861,0.425846760709395,0.501807700936707,0.504322106955478,0.874293239084415,0.735567358037582,0.844469474359592,0.886031170779669,0.800859531720753,0.827963731275663,0.891522070706264,0.710228138526971,0.771329913679727,0.784946077223286,0.871419686664432,0.885836044452034,0.899985412877633,0.671772412263979,0.746259676376106,0.662308953878285,0.704898890155031,0.967643244897707,0.948554915737716,0.969393100476033,0.96270274800351,0.96812619223006,0.967861876133657,0.962728166782926,0.813861080046894,0.85223372998037
"X1G03",0.878310926144412,0.891609271359147,0.783826257925094,0.88131521361858,0.344099831715668,0.284260233240455,0,0.30531250393487,0.767088784750111,0.783511916805986,0.778947282828892,0.819340544645364,0.778189353726122,0.820987112596078,0.776425481753912,0.885952955183231,0.804572585860992,0.811494938939349,0.801275718938125,0.791340474873197,0.817248261798953,0.869809017660921,0.855195305756647,0.846918944800961,0.811141738204916,0.599141381109739,0.590095643584635,0.841463953634934,0.772471827074182,0.675824997976236,0.699655305023634,0.800982492254801,0.745195745062608,0.801277752692134,0.761116087025813,0.76625644209704,0.776395394242041,0.755714854484025,0.823435703928787,0.887942109511578,0.855323722442545,0.898383933765119,0.895405660816103,0.676563402755517,0.66768928412781,0.510944530533621,0.929767169484306,0.825644958919526,0.946763155932631,0.962132008316022,0.960783385969372,0.962021861103339,0.929357483221991,0.807139030014782,0.825801366134554,0.793886326115952,0.878617952295118,0.873208242355535,0.851579607736962,0.5391900824057,0.376411142719515,0.401994908282433,0.459541951011175,0.863149686015855,0.737207070418776,0.840033123015835,0.886587827809725,0.786090465755251,0.837045628622752,0.88832996663555,0.737238466058277,0.798690755788313,0.793547342022322,0.887099458753142,0.905580909085261,0.919865454735244,0.702030535343001,0.729083461093253,0.649933252537792,0.675295497588266,0.954418499996211,0.948284370409058,0.962887121675644,0.957076674901716,0.959299186212476,0.963790811574708,0.956730595359118,0.82487519787024,0.856712464190957
"X1G04",0.853898856106657,0.881641378239703,0.772380842212997,0.869899768815488,0.298505338129179,0.185582060457267,0.30531250393487,0,0.722834425117484,0.768990041815784,0.776981208496414,0.82485710587138,0.768309297180907,0.832465971035906,0.783823101339468,0.886557253443785,0.774046670907507,0.787089157803445,0.777673984656129,0.760399561347955,0.786101466011051,0.83963800427401,0.826671878691293,0.823537780732961,0.792076709588165,0.57422869385669,0.557959760942567,0.83967557637177,0.7882733768313,0.664561092896282,0.706755577867954,0.810294075763591,0.74169213860485,0.812918248865357,0.75711889879702,0.737339419121759,0.76160165793701,0.74305883466117,0.790617883399546,0.885910550844474,0.858801359519035,0.899722962941223,0.896257938681071,0.688150797434079,0.678475375397803,0.573582267385309,0.945613809144215,0.821834635841773,0.95985240637917,0.972025766811053,0.972800763976362,0.970627593188975,0.943550099999366,0.800464033969276,0.823351702772013,0.800524518946395,0.866526021432705,0.86743093424759,0.838674854161258,0.57067917225484,0.435708927010954,0.500658513707255,0.513613252461551,0.873110036706779,0.739731567848742,0.842097486641611,0.883094778507564,0.804475593468232,0.841516698930849,0.892902774241311,0.730104306784127,0.791556510217612,0.794452571154544,0.886412957459113,0.906815333805697,0.919359347035519,0.643404638436425,0.740058031127148,0.656010321771912,0.695515670173252,0.969207478585554,0.950988646512299,0.975198428780563,0.964823082932546,0.969270234516961,0.967395530905485,0.96659580003042,0.826909652417293,0.866126593390506
"X1P01",0.835165769980098,0.859741169532363,0.836770666213848,0.847424542499964,0.756630349271536,0.725919696016893,0.767088784750111,0.722834425117484,0,0.500169152459946,0.517281616945429,0.55950075815925,0.534289850323689,0.551825926391195,0.474544413132837,0.589103162586058,0.745804024028553,0.750311355685409,0.72605210503983,0.725412959780744,0.83325539614396,0.873427362808615,0.85611977948325,0.824688690311937,0.926003540016897,0.847706152631705,0.836416317357126,0.934373566181299,0.706818354997701,0.666723655197831,0.580261222131799,0.59773454627848,0.631935177010535,0.526134314994072,0.580904383876601,0.697365153466379,0.787939049607928,0.771428015828639,0.815150294797359,0.837043738502065,0.812216709414727,0.853167694130543,0.831289307526924,0.892111697025051,0.886240511605951,0.849774095897712,0.766002038700841,0.798441391786626,0.709897306265908,0.753875766295953,0.800317022559365,0.748922093275937,0.74426996833441,0.787576491668692,0.809469054731636,0.778874027682705,0.848743646818273,0.840659575172238,0.822091350129468,0.855799286610115,0.809159506803035,0.813188423214517,0.847084280629625,0.587098899308297,0.507215669614122,0.55131660651532,0.672610110164872,0.513789820171003,0.608367529752059,0.590831719443132,0.686082640816628,0.715472526032226,0.724260785044451,0.869588889172659,0.863656959433069,0.866362559585875,0.787678950457867,0.910641027291389,0.890103867689881,0.884533987572727,0.756437443122122,0.776377708003292,0.794020606063543,0.821229920929727,0.795867194897532,0.776250906339224,0.812228076857427,0.760772275497216,0.827395643231869
"X1P02",0.798824386624436,0.810354965728279,0.787376843623998,0.77205337657752,0.754774879121572,0.731784587064134,0.783511916805986,0.768990041815784,0.500169152459946,0,0.421254655964228,0.347533953741063,0.65246652138254,0.440715393300515,0.366093383829816,0.585294155879942,0.67238883342167,0.707590715443956,0.609181851910535,0.631617093720218,0.768820282009485,0.80434997078736,0.807247367723561,0.764910814602239,0.94088831284533,0.864571837307345,0.860638611712285,0.94299487511244,0.786725476178573,0.761861641073453,0.765458799287282,0.702672973724196,0.733710423731693,0.434535298633345,0.658256531114549,0.700722743087762,0.772002454006556,0.733414376357184,0.830265035888627,0.789263396174741,0.747248813122228,0.797647279660511,0.776735223951232,0.898905373587636,0.878690348608206,0.854098202451656,0.821068153525425,0.797968348854558,0.74240276585054,0.771368676867175,0.867610544457164,0.798166766021303,0.806296713920717,0.785188913976572,0.804921489110045,0.793195452855754,0.767570866552502,0.771008050302055,0.754040403378201,0.858454986847677,0.864298198357956,0.862626228215989,0.846905235084379,0.626694872387029,0.615234637162768,0.569778499631796,0.689984295790977,0.629464678435802,0.648745773562629,0.572566102983991,0.677825048107152,0.707825879606548,0.700782060895873,0.814472702270758,0.798387700321813,0.831666438118286,0.902566179488812,0.914507131749848,0.892522575183257,0.886130211864865,0.768072099461289,0.834500194146226,0.836930656638116,0.888776069886004,0.829609346391336,0.81601712767328,0.840539063708543,0.795428836970618,0.843935107301892
"X1P03",0.686334359833551,0.713825920317606,0.661377962370305,0.646356691007118,0.796194531139216,0.770498412830018,0.778947282828892,0.776981208496414,0.517281616945429,0.421254655964228,0,0.454649209124092,0.69230699646938,0.555574982355972,0.432940510249984,0.620837668393926,0.718089328453713,0.717698161827796,0.67470171317312,0.68180700901414,0.729111645609811,0.765346119355205,0.71444160909773,0.708614431881927,0.93895426097341,0.889045327722795,0.879591578800951,0.949068946073237,0.770136672686437,0.769449866922648,0.713408973970022,0.692242226690647,0.713425944646524,0.540485997901941,0.660152798495274,0.764362850919312,0.817081203520587,0.763224195199233,0.882911145051153,0.746300676588223,0.729553320181373,0.768523002010511,0.746129499961065,0.875827049421278,0.883009395743139,0.858027289351684,0.805948327924388,0.752714225937844,0.729930266300074,0.764541156859798,0.838459823705951,0.7811326840815,0.784989809985093,0.764424681514054,0.796978035044986,0.753768058761225,0.69703415293083,0.712021836996878,0.663277902053641,0.859794620454474,0.820458169550447,0.828110298785541,0.861051429710423,0.630046250810402,0.587010920006639,0.571652050720894,0.662411710937802,0.598629282616227,0.629764642592081,0.604819478671754,0.673767655972254,0.737769327499549,0.734582121587683,0.759740342423066,0.768287003549763,0.824924858714424,0.847071339346273,0.90025638431349,0.803446520358156,0.858698582478788,0.758927388733373,0.824900560926217,0.822878004193695,0.871578356537837,0.821974366657959,0.799112644838522,0.828069872898037,0.739594816414325,0.791411734956072
"X1P04",0.836861365333914,0.765085820611188,0.788247921204923,0.781881633326782,0.841245811957234,0.811965911196859,0.819340544645364,0.82485710587138,0.55950075815925,0.347533953741063,0.454649209124092,0,0.69044327479456,0.516569188556964,0.414310932755057,0.557736462595607,0.712005705453346,0.735425905721608,0.698279093556364,0.718425574901746,0.811305016229861,0.861862723627603,0.835652540497836,0.800931688590455,0.945613113612557,0.8912045952477,0.890427084067322,0.946494193329313,0.804095489249552,0.81095167208426,0.785869105027314,0.730037964175909,0.752211935246296,0.522124494316739,0.679801437666405,0.776731772258782,0.810991830539592,0.780226361209814,0.857005607257872,0.849735340108902,0.80411265629269,0.841610958431577,0.837701816738524,0.903340997400878,0.894528589190596,0.883641576929621,0.822546619898604,0.790248017088514,0.741954577951366,0.765972187292008,0.860618532020714,0.797995199611515,0.79999431407766,0.777349862217179,0.807192308490135,0.79129490411621,0.816250703222039,0.827120464488652,0.795498404708216,0.880719476919541,0.87273098041149,0.885380172360111,0.869230281978537,0.640646959123935,0.626013419766639,0.593055878534777,0.729983623714601,0.64715457448677,0.655748132164202,0.600889477740761,0.724901006829637,0.745355041187703,0.738457371841945,0.847794306627279,0.858222306287139,0.867875670902148,0.912605339740371,0.914291924212248,0.903297755010831,0.892669620158161,0.760750295090945,0.837037138700714,0.841404585454357,0.892324301733856,0.829185994949664,0.819981230963872,0.838013650550712,0.785478081748061,0.83215283096576
"X1S01",0.758394324031979,0.823286430390017,0.787757985142208,0.821332995093711,0.745457181441313,0.765644581808132,0.778189353726122,0.768309297180907,0.534289850323689,0.65246652138254,0.69230699646938,0.69044327479456,0,0.672707721514202,0.57097174056256,0.679839568218119,0.704616080296447,0.73071190017816,0.725782410677664,0.700277476040552,0.758468500190102,0.79238237998387,0.815838766814506,0.734510620385257,0.911936579978517,0.837055350794775,0.80063819819306,0.903068359169,0.630067032903733,0.649447651533389,0.4939245399004,0.522263520648758,0.529059796363602,0.652553599247046,0.522523839169697,0.691620103721825,0.768770925804384,0.769036849073751,0.773721667038803,0.859960138821527,0.815783051226899,0.868253888895201,0.873010095008202,0.8990299040252,0.881252465722727,0.837184315626056,0.714887528907936,0.787768451697309,0.742189937888236,0.809738006301765,0.777282122354224,0.728332177890475,0.712059726507519,0.766586514212536,0.796784428610144,0.797232697033737,0.873651257317834,0.8298577722685,0.797029612641799,0.863238156687633,0.835995388896487,0.8514619720943,0.836598461587403,0.585485797420842,0.43442965371368,0.521278739793055,0.589668418641211,0.442470337871644,0.50671232400237,0.665706212575249,0.696913557918138,0.715311480776461,0.755386432395615,0.863403158900497,0.894022185762527,0.90293754745399,0.900260092470086,0.922057410705073,0.904847777342351,0.897954661736149,0.813556500967758,0.791512307375136,0.804810114393925,0.763240402783925,0.799353449595725,0.740927686409399,0.731380835555216,0.786301831145384,0.847097917366911
"X1S02",0.87304671629267,0.872209098881601,0.847978155941622,0.86456109177193,0.8401448184016,0.803819173208066,0.820987112596078,0.832465971035906,0.551825926391195,0.440715393300515,0.555574982355972,0.516569188556964,0.672707721514202,0,0.431255054848654,0.595274778584739,0.750733764104679,0.741930268641589,0.670297184574779,0.67228089039331,0.875651592893038,0.891045598206231,0.872200858338864,0.864132123202122,0.944920815862323,0.918188234220519,0.917751485026554,0.939657803464757,0.793879690847849,0.809392228227484,0.761748873874984,0.642896377251784,0.731596089303749,0.0983836090051599,0.680249898353066,0.755560087665316,0.825198216523752,0.796988671557223,0.88635583426049,0.857140483354166,0.81848886468545,0.857488558402788,0.849081710819871,0.889552567037758,0.888326268654351,0.905566933146165,0.782869753461347,0.78923816409166,0.734695854568575,0.7556174643066,0.818118316106933,0.779195980233505,0.754776075944637,0.778535384743828,0.815865916281781,0.792371118959739,0.845526542297813,0.855133080783946,0.821954825018859,0.873757624471028,0.873429317715979,0.876270163675354,0.891070166396267,0.6302283039172,0.613627584207767,0.614560518316322,0.677063372298381,0.592233331015791,0.592842105804971,0.562950933607535,0.736664965705842,0.725652576658456,0.685523661292937,0.878822694295803,0.862700193682804,0.873742006127285,0.902466494395135,0.899768649360958,0.882049554140066,0.873828240172597,0.754808492745265,0.786245548429357,0.790784708837708,0.848131735848791,0.792601548118682,0.777586867475976,0.803576219836212,0.764173735889488,0.819217636093707
"X1S03",0.807245512011957,0.809179592488892,0.779890700578835,0.777834484971947,0.807343815645887,0.766978985952778,0.776425481753912,0.783823101339468,0.474544413132837,0.366093383829816,0.432940510249984,0.414310932755057,0.57097174056256,0.431255054848654,0,0.489379588681956,0.701860618060606,0.687237354681257,0.629791097140136,0.669520707002629,0.803639370866907,0.832216162020264,0.807515857022984,0.803048672858866,0.945984482437358,0.880144050904028,0.872376121751421,0.951458231660339,0.735575484002578,0.767291726710044,0.698152488603858,0.624417636230567,0.686557269731669,0.421862892149312,0.603524571839856,0.741299298043396,0.814425157685582,0.782911542820524,0.880538285111391,0.771703262447377,0.734748979003966,0.785730009679817,0.781527815809982,0.891743490783017,0.889408764262554,0.874764335355421,0.731227976448021,0.747580726775151,0.666646007179283,0.689092336458866,0.802090550758624,0.718575510696919,0.708981846087023,0.74435496312363,0.786647099170037,0.752127277222878,0.754218982602737,0.754209481041751,0.734005214235523,0.866249369905062,0.851853787976105,0.85104674326679,0.866045374960735,0.555155770443278,0.523210668920709,0.468161809568568,0.625769664710407,0.466131452188514,0.54027219193468,0.456769185831083,0.664449514563354,0.685520096986355,0.6703170946045,0.79200188968565,0.796728127069066,0.806044113779339,0.896779447298378,0.906366810784113,0.879799106339276,0.876010121747679,0.688086962591353,0.767569041090293,0.754092517347308,0.813499628730743,0.737978159515008,0.711152675858927,0.7488255898103,0.72509888816369,0.787065196706808
"X1S04",0.91495301081684,0.914922750484692,0.891110898592147,0.905544790503186,0.897353815323923,0.880603625280218,0.885952955183231,0.886557253443785,0.589103162586058,0.585294155879942,0.620837668393926,0.557736462595607,0.679839568218119,0.595274778584739,0.489379588681956,0,0.82185451319688,0.826787571953427,0.795168512255435,0.815417928931684,0.909777383608184,0.916370524374485,0.909659115798972,0.911360542404717,0.950358731064985,0.933640098858124,0.939063474841046,0.954544710497656,0.662508178879669,0.763342585111446,0.718320958386167,0.617554304524698,0.645852522199593,0.589760875879282,0.621961220364347,0.817966527684234,0.875477357595731,0.854537646339988,0.919653810420173,0.895297442424354,0.834319572551763,0.797959447664016,0.888417179213723,0.913487848674565,0.89871792444245,0.925012304657787,0.457692439529542,0.833599755858354,0.418007014651634,0.44716814753364,0.597912280926084,0.401905354762271,0.449856044356463,0.818330529353106,0.846574552166315,0.847761775615555,0.893835087019374,0.896612512857933,0.876368514289042,0.901570572657196,0.907678987277881,0.91194511182845,0.915159278311505,0.49601517980947,0.548447346403088,0.463506270836254,0.596643877553447,0.501654380621692,0.504897394198221,0.53782580575326,0.821970140919508,0.801654324305537,0.795568966581713,0.918854830667149,0.887529712586361,0.824140197478995,0.905896092604317,0.865217771290533,0.920395171941665,0.894269799117496,0.513910285352925,0.493573650311305,0.480199906779205,0.529201748184559,0.456949743856049,0.435965778730775,0.464856448061186,0.824533742623995,0.853314279321612
"X1W01",0.645982969260984,0.702867041859125,0.627618703459583,0.688862372159617,0.709894408674119,0.749781445376583,0.804572585860992,0.774046670907507,0.745804024028553,0.67238883342167,0.718089328453713,0.712005705453346,0.704616080296447,0.750733764104679,0.701860618060606,0.82185451319688,0,0.254049382160705,0.307507578460843,0.310944087798355,0.604201716055454,0.659671957489858,0.641438815010649,0.614068860532082,0.888521919933206,0.839559205826636,0.813009430715002,0.917065705063076,0.840788614599576,0.799401302823625,0.752596988359321,0.825677803103302,0.821734485786633,0.732880276417686,0.790993878746454,0.533199390700071,0.525898507004063,0.514210149324133,0.556574593023677,0.694370958439354,0.697140806683433,0.746788677883684,0.706242275052732,0.830385326716987,0.826526221576559,0.81818427797489,0.928491804455708,0.595074456477541,0.927045166967355,0.95240771837804,0.963428651890914,0.956663541158272,0.93112731157223,0.552366372223456,0.605025501387904,0.59533646304187,0.694662137352695,0.647610165724962,0.666573062988818,0.804025509948755,0.815002524307263,0.817646306150491,0.774581101252172,0.802625376061045,0.777406084690867,0.83058561083351,0.831657875302159,0.825325208532619,0.763813619273331,0.736000733358559,0.396904719609361,0.411195467537749,0.458658812871385,0.700548039450694,0.754956668176739,0.800293392617543,0.90110219904286,0.873864733677421,0.842470282781703,0.842776925469747,0.961047396466121,0.930147166180329,0.961408947161396,0.95403591394708,0.959917700973547,0.948789412046021,0.95752394844089,0.559443395921993,0.630778416703698
"X1W02",0.628793078567278,0.70502355695288,0.629504704357451,0.680064583785014,0.73166609534105,0.774152861522628,0.811494938939349,0.787089157803445,0.750311355685409,0.707590715443956,0.717698161827796,0.735425905721608,0.73071190017816,0.741930268641589,0.687237354681257,0.826787571953427,0.254049382160705,0,0.301768429225252,0.285476196301333,0.610295663657627,0.655860461528604,0.64731680927042,0.622412215777274,0.903937728917803,0.879134514227685,0.857776440863084,0.934053724907186,0.862161564138179,0.858054994864443,0.781466330903914,0.834382351174034,0.846599445770718,0.723168569242798,0.814556203595553,0.581742696591758,0.577247028916732,0.563521648807223,0.626168781558364,0.672000378991076,0.676812392053127,0.724205301695376,0.681825765917693,0.831550982094933,0.835971887120987,0.84775210941684,0.927744459125754,0.594866495384522,0.931126627079476,0.947858878502509,0.961158942550478,0.954996247826492,0.927558449454549,0.549342499557231,0.606620442578073,0.586354921061526,0.682577860918749,0.622487343847048,0.647997726379827,0.818556787849813,0.830046897926634,0.833328080198915,0.799099266195016,0.80521176022016,0.797765926386129,0.839071430318151,0.837765982214775,0.833602482303175,0.771405274060286,0.730022704153554,0.419326931648204,0.385141709060902,0.436124152951908,0.672042651804905,0.730864528449573,0.775343135352338,0.913733513238587,0.883555364200354,0.862519705602431,0.856998978203834,0.956475408697597,0.929405693195226,0.957946337542591,0.954916383157606,0.958096136717461,0.944361923401175,0.955093456630207,0.551318409086419,0.624004084165475
"X1W03",0.645795115049082,0.674059583124564,0.608308630160495,0.644278805963308,0.719075096184983,0.75083640052791,0.801275718938125,0.777673984656129,0.72605210503983,0.609181851910535,0.67470171317312,0.698279093556364,0.725782410677664,0.670297184574779,0.629791097140136,0.795168512255435,0.307507578460843,0.301768429225252,0,0.257496127951852,0.617970873923678,0.721648892848569,0.644989819728352,0.586407209474639,0.923665775905851,0.863921432976403,0.856371741939435,0.940261895060712,0.858128909368511,0.811993716914613,0.784407645486527,0.830368252841234,0.826930491471346,0.654403602539755,0.804534256814448,0.53506121421935,0.561994531088921,0.531374676704542,0.647425201661737,0.668065628611312,0.66779840178641,0.716907966576387,0.673600571608292,0.853178125849067,0.853128306114412,0.835008848010311,0.933977465584651,0.57341519460404,0.926804977318592,0.954826223481112,0.967235569327907,0.959613754475192,0.933101032519368,0.532069871304706,0.590414530555963,0.579154164526882,0.657879939902397,0.625184786381036,0.634204262578858,0.834411706153076,0.84473873104102,0.828767260143808,0.814810622441286,0.806932988143842,0.772752714716109,0.844680896398105,0.847982556413808,0.837003751188411,0.764844969569264,0.711778472979038,0.373281806035336,0.405568657536634,0.425622570145739,0.668256528695668,0.723219577018915,0.77136530643969,0.908557955935397,0.884829724661609,0.85555795406604,0.855788935578379,0.964579028873614,0.934696538773521,0.963699734634198,0.958131999905944,0.960715347074848,0.952590309095344,0.961651766583043,0.533883904971146,0.60280489927978
"X1W04",0.593895371923779,0.661437782236204,0.595572556157524,0.658028117148187,0.70354478172478,0.726390752603843,0.791340474873197,0.760399561347955,0.725412959780744,0.631617093720218,0.68180700901414,0.718425574901746,0.700277476040552,0.67228089039331,0.669520707002629,0.815417928931684,0.310944087798355,0.285476196301333,0.257496127951852,0,0.60970881118021,0.687061191289823,0.628401576678996,0.608799222257779,0.895436274260564,0.847382448011172,0.823976254400063,0.927503126633859,0.848196090154863,0.816122697154846,0.766204636670775,0.823071662505812,0.820955389076074,0.650100501222248,0.796611761222711,0.546059601969005,0.582009509385528,0.559996514988781,0.613492683582482,0.744618182846689,0.735810704398522,0.790320259228695,0.759187037777188,0.853643355763978,0.855438835375306,0.829915583947213,0.932902707103632,0.646459191617728,0.926202631954653,0.956146287545795,0.964934215096081,0.957415206970679,0.931972419410934,0.613978188916102,0.662553450021731,0.658852539784212,0.74202492408178,0.691872783226106,0.696127707298894,0.830649099384466,0.815878147246208,0.825002735993582,0.803494230816011,0.808852839107342,0.767603043835907,0.84269637304873,0.85474016811515,0.819165444281773,0.763427596892067,0.749877077879509,0.458319519911492,0.425626729240173,0.477290582224407,0.745208938929066,0.804917386401065,0.836569487534947,0.903452916378459,0.883874121248646,0.860726250911749,0.851586485129569,0.963841060870485,0.935179176714134,0.963094403590832,0.954938791867212,0.960137373337422,0.950038556135996,0.960321791295965,0.606886343197282,0.697595472612613
"X2D01",0.411673533743308,0.548195490891445,0.446155535739649,0.484058796920716,0.757086362269983,0.786069994942816,0.817248261798953,0.786101466011051,0.83325539614396,0.768820282009485,0.729111645609811,0.811305016229861,0.758468500190102,0.875651592893038,0.803639370866907,0.909777383608184,0.604201716055454,0.610295663657627,0.617970873923678,0.60970881118021,0,0.401059929892566,0.344332305862234,0.352749088792319,0.867449907357813,0.835367437946418,0.777300677852834,0.825904215506046,0.861826187376548,0.797585996345255,0.827028985493872,0.893349180618029,0.839118621154426,0.85887698269754,0.838649006396919,0.71484494270015,0.685891961097523,0.65552996908949,0.706557069737141,0.587994225428581,0.624550232552547,0.7059175849549,0.64573030701751,0.87521719911149,0.889089990967681,0.848949767533512,0.95086500107623,0.765002851208732,0.965220602568978,0.97941948383081,0.980042177824726,0.98051400374954,0.95578719980902,0.735670387706409,0.74516748694079,0.736488334861099,0.571445177872358,0.51327198101692,0.563535765806612,0.873799229594609,0.822378298612094,0.864754121550451,0.826441989596978,0.915788423507658,0.838179469823013,0.907040893803457,0.875297772511076,0.902733873111122,0.870783438762947,0.904192391261584,0.662918977863865,0.708108253501275,0.745133699944299,0.637498327139626,0.6997313311563,0.779656033493116,0.875036032451833,0.899907844623316,0.845092030440717,0.86748480405949,0.973500045628025,0.960184168982349,0.978067328764082,0.97697913589367,0.980702121383982,0.9757975462842,0.971987174380565,0.755558589164406,0.78688909420582
"X2D02",0.40192404416789,0.610193273390533,0.486650855748171,0.486424878830181,0.809515786263216,0.834602991225809,0.869809017660921,0.83963800427401,0.873427362808615,0.80434997078736,0.765346119355205,0.861862723627603,0.79238237998387,0.891045598206231,0.832216162020264,0.916370524374485,0.659671957489858,0.655860461528604,0.721648892848569,0.687061191289823,0.401059929892566,0,0.404892630244383,0.443758106170635,0.890183639373666,0.884295788580501,0.853551124429241,0.895408257484132,0.918754757228977,0.897726071501746,0.889820667988974,0.941685985082814,0.912507970609286,0.882692297799819,0.904426954755283,0.779896553573619,0.773957946525867,0.761290441361247,0.741527829613827,0.541586746047433,0.625943084079365,0.664094393323313,0.620334590476788,0.898571369678735,0.890830177693073,0.888764508501688,0.953393064183764,0.812310317083392,0.9706471320158,0.984927928191359,0.985222877374159,0.983896245495737,0.964501966223141,0.794623269272586,0.801044663660329,0.79022991789386,0.529218520884988,0.465193283769462,0.521616270564102,0.88199484908331,0.838698373443184,0.894381494771852,0.850182080711344,0.935312363266514,0.892879144261684,0.922898943261506,0.8576572145945,0.933743085865891,0.89276420595392,0.919067175140086,0.758602270435332,0.773073624689913,0.787326546847706,0.623118881841213,0.666210636771062,0.803221229296929,0.903742744267356,0.916202656599846,0.867909395021214,0.892335038264136,0.976765231535055,0.963696107206245,0.9799487686192,0.976275045736192,0.985576072672789,0.980687597106442,0.974112978149965,0.821242736515667,0.817353791852184
"X2D03",0.37531142348481,0.520722971150045,0.40861037857622,0.432081461586744,0.799497780144482,0.837636677457128,0.855195305756647,0.826671878691293,0.85611977948325,0.807247367723561,0.71444160909773,0.835652540497836,0.815838766814506,0.872200858338864,0.807515857022984,0.909659115798972,0.641438815010649,0.64731680927042,0.644989819728352,0.628401576678996,0.344332305862234,0.404892630244383,0,0.321693951688267,0.858634400856826,0.842275028290295,0.807279338907668,0.846057475296169,0.867939593877533,0.818699151472095,0.843565200029278,0.892654305138543,0.869034643114739,0.860103502202442,0.855704732711718,0.76566746998925,0.718651458483493,0.683935573600332,0.765946781905779,0.550161369704689,0.609590364894004,0.669688428536199,0.621453926822729,0.837450353086422,0.836072046245258,0.841683605796104,0.955299563529529,0.786833657776939,0.971822920116114,0.985093906595845,0.985779920977141,0.984498750150087,0.96431853974892,0.749257043959628,0.754294560866756,0.748521791733654,0.55697710682008,0.468501678362548,0.528073335797582,0.831740660870868,0.824569827436947,0.84124851654316,0.824931622383514,0.929803300116268,0.886782031971626,0.909615174720937,0.86952456597163,0.918250286666204,0.879789295047772,0.89339309891801,0.718660747613873,0.732522776277537,0.748983041927213,0.623759353290934,0.672118265266897,0.775778887613856,0.830784137107659,0.86199057486772,0.81561991641226,0.827916018700559,0.974897039776967,0.966362908848003,0.97910022496274,0.977475401466097,0.986430255260984,0.98092482168167,0.974420152721449,0.765925325990215,0.787168060907026
"X2D04",0.364495665938484,0.495085304096073,0.388135713932388,0.375056222173107,0.778632677070227,0.813433351341561,0.846918944800961,0.823537780732961,0.824688690311937,0.764910814602239,0.708614431881927,0.800931688590455,0.734510620385257,0.864132123202122,0.803048672858866,0.911360542404717,0.614068860532082,0.622412215777274,0.586407209474639,0.608799222257779,0.352749088792319,0.443758106170635,0.321693951688267,0,0.884731903052318,0.858821519055399,0.814513611958737,0.886866786770876,0.88477720324199,0.846580233982743,0.847986765777329,0.923573666340743,0.872304238210508,0.851428111627923,0.856884254335561,0.728040349573112,0.712910698663877,0.69615504142373,0.737067920382881,0.474457997108189,0.526124387623539,0.602993842955783,0.546219526831674,0.894775492327121,0.890266825445438,0.870354582331759,0.955468788506248,0.717844646677352,0.970935922190469,0.983400785933992,0.984524452284411,0.98348946604229,0.960900229440748,0.697280341405813,0.692614186313807,0.682663670421141,0.480569087879551,0.406396394889545,0.460901501102686,0.877430372503959,0.839433247941498,0.885984121131989,0.842578207748156,0.909761080248541,0.855288467794862,0.911207971153567,0.861270996433564,0.919595694985375,0.87275947397103,0.880882371303522,0.644308687023491,0.68773049526465,0.720757135939163,0.560589608482115,0.598171999061181,0.719808627497371,0.908119125080331,0.908912428018207,0.856692012232118,0.88450621577994,0.975678551242096,0.965490127386714,0.980270489683744,0.979997539482653,0.98452380281209,0.980177624372677,0.97449214586277,0.72311297566409,0.738917896294625
