"","X1D01","X1D02","X1D03","X1D04","X1G01","X1G02","X1G03","X1G04","X1P01","X1P02","X1P03","X1P04","X1S01","X1S02","X1S03","X1S04","X1W01","X1W02","X1W03","X1W04","X2D01","X2D02","X2D04","X2G01","X2G02","X2G03","X2G04","X2P01","X2P02","X2P03","X2P04","X2S01","X2S02","X2S03","X2S04","X2W01","X2W02","X2W03","X2W04","X3D01","X3D02","X3D03","X3D04","X3G01","X3G02","X3G03","X3G04","X3P01","X3P02","X3P03","X3P04","X3S01","X3S02","X3S03","X3S04","X3W01","X3W02","X3W03","X3W04","X4D01","X4D02","X4D03","X4D04","X4G01","X4G02","X4G03","X4G04","X4P02","X4P03","X4P04","X4S01","X4S02","X4S03","X4W01","X4W02","X4W03","X4W04","X5D01","X5D02","X5D03","X5D04","X5G01","X5G02","X5G03","X5G04","X5P01","X5P02","X5P03","X5P04","X5S01","X5S02","X5S03","X5S04","X5W01","X5W02","X5W03","X5W04"
"X1D01",0,0.55436596393057,0.250451525287571,0.275128941001118,0.505989391243481,0.505763973950506,0.556499278692732,0.467641604744736,0.503407652005107,0.498145995362253,0.567639409882224,0.57541769298438,0.477982717157851,0.536020855314242,0.560635966581448,0.535876493030729,0.426231480364007,0.486392377410745,0.510136105422706,0.465002375823925,0.709330254772327,0.70770279863033,0.682138271637809,0.733484878582888,0.80875313605362,0.771075695003045,0.790061568657523,0.740574203953261,0.823673763635641,0.826620994357991,0.814321065575354,0.735724697412196,0.789125975767927,0.840644342044022,0.82850637811364,0.753608623737922,0.752508531544113,0.749366487821482,0.736443963020527,0.746701639660103,0.743596034122951,0.832277854678971,0.75309393640373,0.746312786557266,0.750524843034448,0.796471470417605,0.667598176654946,0.817291494310347,0.772090560069893,0.834576358347806,0.793698370499491,0.810050280662505,0.818443405229754,0.822591191998722,0.822065873039486,0.809948455015546,0.729459168403751,0.803870007186723,0.715355422603072,0.41026896388075,0.346514184287678,0.430105742141621,0.481461341412463,0.566078119822123,0.51550999238787,0.568684698397143,0.577412474572146,0.615285252635525,0.660510185402172,0.654208479698977,0.665562479668159,0.589714660539201,0.662762306642457,0.564086451900413,0.523449409543526,0.689797281449746,0.248793980842814,0.696968102297958,0.773094937725381,0.650800771843843,0.777538874850328,0.676683457745447,0.731618154648557,0.663680707168602,0.715443764566655,0.783544986531458,0.776812196070886,0.777376835084874,0.782141863756507,0.808954861073808,0.798814337463883,0.764496498875959,0.772707505734162,0.701837247872354,0.763113932942401,0.707944938767487,0.756903551237105
"X1D02",0.55436596393057,0,0.57919000062997,0.576123963870987,0.574287110546115,0.491225025139082,0.60974282125354,0.532144295688873,0.576121273971226,0.516762674061739,0.672844547992207,0.659740133235232,0.645989932642684,0.601120703347127,0.631407221661652,0.634658879649841,0.551749338970566,0.620318321799434,0.623965448236317,0.616073758532675,0.55339938298478,0.559713116720205,0.531688156471636,0.543639243584557,0.635446829988185,0.57430792445432,0.575228551795677,0.543150186178571,0.606483632885246,0.667716030422795,0.6300663292047,0.515417536713315,0.598987850769189,0.656988808064401,0.602174695906231,0.530315051806282,0.52433033248432,0.563011085894387,0.555358550261583,0.541093379079622,0.52624575230657,0.63516192788389,0.55484785598032,0.486672356053615,0.517392051160253,0.585160062814911,0.452731817244551,0.600137020737564,0.58305816642173,0.623858230197413,0.580027545428449,0.608949174997778,0.615130251444379,0.628682658057629,0.59434947574183,0.535911184393412,0.493476567779824,0.547152995515583,0.50814857443578,0.485560227244364,0.423758885052159,0.43329300665027,0.538797418026104,0.354896657814319,0.439700829678524,0.344562330290363,0.449849989664915,0.425527072113646,0.445928651208312,0.498249265762313,0.546669578490605,0.443019064916593,0.425270735185133,0.236892343378587,0.423721568490587,0.507766997815973,0.582241338544901,0.571735286257421,0.678178923476094,0.503904588013948,0.655187848497581,0.512845546583073,0.480927466443097,0.497141003519929,0.618348524718873,0.671732015676591,0.631743543656954,0.585271579926419,0.60105501596578,0.583279089937871,0.596057365155093,0.594551050729394,0.61413398853815,0.60971486395771,0.579446659650603,0.565278795670642,0.691938252178718
"X1D03",0.250451525287571,0.57919000062997,0,0.281782187126694,0.488238587728605,0.47314474193655,0.511557385301543,0.435025095162294,0.417819934573766,0.46822028117021,0.512045291374481,0.500085327777902,0.377660100431623,0.50779482591458,0.477786797587613,0.455420386573762,0.382020470099676,0.43408348132451,0.454166805672009,0.376710118456847,0.733419733599382,0.725138280659806,0.719969909319275,0.73669455892122,0.808133996388396,0.772462664715988,0.791415775726245,0.747260582079712,0.817856604006857,0.831226302614636,0.815529514075774,0.741434175479361,0.790671754949033,0.834854545105209,0.83129126735082,0.75731365228306,0.761149080651238,0.744574372944277,0.747348373065069,0.747156532395547,0.747942987555928,0.833209669479122,0.774050553644519,0.755846288120922,0.752807072844926,0.807236712851046,0.68527212564059,0.817010446247169,0.778370407414438,0.834018434777559,0.793148068022164,0.807179522813368,0.825102137165093,0.82650968551641,0.819492638693159,0.815801821066752,0.738905891103498,0.80272130065154,0.740292756230528,0.443311644848842,0.347267720425444,0.451932216282667,0.476098874151238,0.591596944698975,0.529783029598258,0.598558324220124,0.590538644868049,0.58890963894409,0.646916712122344,0.636955954870831,0.654017520638646,0.586893084474545,0.659414575817767,0.584890192924872,0.513010464562287,0.669283986566294,0.267253926716056,0.680026315956289,0.785800848700819,0.64996130696063,0.76590457379105,0.684012747069382,0.74043230723602,0.659613100358854,0.713057376130344,0.771153496441165,0.787889203431081,0.770105829993433,0.772662236381844,0.801179973269891,0.794437620621675,0.746969907181693,0.756273911251262,0.689166161720514,0.776271087840809,0.680682867892949,0.736457538350151
"X1D04",0.275128941001118,0.576123963870987,0.281782187126694,0,0.513381457544431,0.518545438287069,0.546520102508842,0.500079045391252,0.484249255404806,0.488425927305247,0.514012953022404,0.533179201509903,0.450807648901217,0.527121130563612,0.542471567842205,0.511684204823066,0.374739605155545,0.408485669193922,0.470560403444178,0.386457765193629,0.724570180465993,0.725885795693545,0.697537397139256,0.754495140947608,0.823615618058449,0.768529960229513,0.796520180214355,0.749729587288627,0.80888656688076,0.821164999652224,0.81398993688773,0.725841669955621,0.787775190126192,0.835202921568811,0.829403789965387,0.75438382076679,0.754670929996005,0.742895624636753,0.74517670601167,0.77052248384186,0.746761428464042,0.840764779155257,0.783754256054593,0.76256302784018,0.770579253599233,0.813237140564263,0.714259132545496,0.811390103237165,0.799396691652255,0.83635182277799,0.790784637794687,0.813264628578602,0.821289303765792,0.820542653312554,0.812928407923964,0.814758089216974,0.755719937360588,0.800065882894378,0.738877055361144,0.455413383778965,0.340135976451514,0.478284806510491,0.506627552052216,0.595653386560869,0.56560789455363,0.626504352316969,0.614655098683659,0.619429625772495,0.680611320450169,0.66140815109087,0.67399323943178,0.62677501348912,0.681266380637261,0.594958302093659,0.521236814868978,0.709588141323197,0.28729465546186,0.69985438159863,0.769679760330423,0.691273664093529,0.774046500607097,0.719743680107307,0.741640338097127,0.718184666901851,0.740918536792734,0.779083929859827,0.76940497286831,0.774340458951318,0.783135507470762,0.802987383351326,0.797317234174683,0.76348004014331,0.770576035750939,0.70160033710409,0.762126455935996,0.720278216286454,0.766085273385783
"X1G01",0.505989391243481,0.574287110546115,0.488238587728605,0.513381457544431,0,0.274525637346508,0.247813386149469,0.307121294225398,0.434285927448598,0.459631605420396,0.466023861297567,0.482124486087784,0.409657409423249,0.504292302759771,0.445072756711663,0.441454927556694,0.452607183376747,0.461751649035958,0.473467224214761,0.439275811960729,0.759040609097223,0.752970211822113,0.754502905508985,0.739485869016693,0.811921605181351,0.779685987051009,0.768009852598225,0.763238132042284,0.790098766798822,0.844734931457945,0.823617400943065,0.726468974564366,0.810237628671745,0.847698621116851,0.84314550527515,0.75223631536593,0.750853528433896,0.754260523476158,0.758014435777508,0.733896417575779,0.71185049398476,0.812504520334377,0.75462583159562,0.732948412692618,0.737597616984762,0.7943351841949,0.620576832386732,0.779878109569188,0.744209352931756,0.813216126528642,0.765184993898206,0.760896651570209,0.783594458423761,0.807366243077512,0.79260679026528,0.777239712937687,0.729452722055515,0.753910992859524,0.695256946730096,0.594011848817229,0.475737836167954,0.513866286006288,0.489922253047772,0.494708857571477,0.374818770346227,0.525319137327299,0.528949555843205,0.542283518625735,0.639898215239213,0.602185429946143,0.628010237341528,0.514751584278457,0.58157455648696,0.552244829718673,0.446167386554344,0.581776334392173,0.486240769745599,0.601734119154652,0.742926823323964,0.602613327311464,0.702199159154025,0.582195241407356,0.679835065934622,0.584570708015822,0.640703779129445,0.726676453455833,0.74273261629855,0.719119053001902,0.731571026439605,0.737243667145395,0.756830959186079,0.674220224320998,0.706777717260645,0.651260054386099,0.748448598037552,0.590913314791266,0.678136600475788
"X1G02",0.505763973950506,0.491225025139082,0.47314474193655,0.518545438287069,0.274525637346508,0,0.284039006317394,0.263809889437207,0.423341160144911,0.405783096904782,0.506887840876141,0.511059347409039,0.44909741309846,0.531767091718436,0.490613433299972,0.469688869656264,0.424200920418193,0.49233081403717,0.486239748968492,0.455312778083685,0.730084002066988,0.729628743032326,0.726493964258661,0.695618024649608,0.789722521827168,0.745680869591763,0.720986545542507,0.716962236791894,0.746761103324483,0.803730128124414,0.789456472309519,0.682735555080939,0.779196676184069,0.821903248542121,0.795321972215091,0.715568496382012,0.69178102352552,0.705220600958131,0.730695897515433,0.696398119435844,0.655581355264419,0.763241833692874,0.718667740627484,0.673104889451259,0.707874419136647,0.762951919199089,0.568394045195134,0.747564583397947,0.705289065790116,0.763310814782137,0.71295237229213,0.736577865751716,0.746244033762687,0.773287918732528,0.750170815033759,0.724617754533105,0.661802988862524,0.68643889667368,0.624904197183632,0.544789794881807,0.425293169721436,0.487779752838542,0.489920247809035,0.452995736415461,0.329483100806443,0.459018687362773,0.46661443121567,0.454561938945482,0.57624264777403,0.544916701082975,0.606891937136539,0.436495750026639,0.558064670822757,0.470860822888107,0.375675990941507,0.501349387651669,0.486261294195063,0.534666975226864,0.675132604108562,0.492197106380123,0.622080614885343,0.51802459331912,0.61598295764516,0.518975179337564,0.573848341130731,0.670990750741526,0.696887831053015,0.676312477550247,0.671608593205349,0.705371219443347,0.723630014964882,0.626326065994073,0.64822324674033,0.593703080691247,0.664628229586916,0.5081358973782,0.614169495709803
"X1G03",0.556499278692732,0.60974282125354,0.511557385301543,0.546520102508842,0.247813386149469,0.284039006317394,0,0.371838918152538,0.44184312696199,0.477646568424397,0.461806422801677,0.475750848643785,0.431073437628246,0.512271664294826,0.437204301443025,0.439136567524755,0.443601896492006,0.428410482962663,0.420858819570386,0.414621502737403,0.780504464534322,0.77045812928167,0.779728506792256,0.766966495173165,0.819897370179202,0.791305157255734,0.770931499566508,0.768088784569898,0.793046241579703,0.84454000957429,0.82174654621548,0.758212101826668,0.819680064771953,0.852531508771173,0.845641550613777,0.766571778367541,0.762160019847899,0.765051121547759,0.771090979110366,0.749442068208033,0.720472909522275,0.815380991452453,0.771496002880864,0.744198164830784,0.742144099985204,0.798353019639186,0.634237108038705,0.786116982929279,0.749174485974474,0.817577323356862,0.773391552616982,0.775742546128761,0.787592274607002,0.821998517145183,0.80168529554233,0.784720897468063,0.734825342887024,0.750758629524756,0.703466454944317,0.653638498310346,0.519271375824726,0.578390629132911,0.533684166972746,0.576226178528941,0.457303598691994,0.601002534900027,0.581610780754863,0.537965024839382,0.662984325759488,0.617331975905795,0.637105096310846,0.506943714689368,0.626306627285137,0.605971058816129,0.467152453298855,0.591578958396004,0.503692461503439,0.607480821117848,0.732499352256824,0.58733806154552,0.712607760645359,0.582820023739452,0.690000333314034,0.583089380450618,0.636160670960353,0.712794866602853,0.733719861926968,0.720737520598822,0.718114046504142,0.733653994081953,0.751371866075619,0.674645649377965,0.698979671679257,0.648447452605173,0.742763363566519,0.574320366712015,0.664282780155279
"X1G04",0.467641604744736,0.532144295688873,0.435025095162294,0.500079045391252,0.307121294225398,0.263809889437207,0.371838918152538,0,0.38257586457292,0.387010476908808,0.47059985833058,0.464631681393842,0.414284854598293,0.502717488138618,0.442776274098057,0.455323348499115,0.406115975333185,0.448705421284215,0.453940825450076,0.435157798832952,0.743723544753708,0.739325668812464,0.740418924811162,0.710596807563771,0.794470036547221,0.757861642195079,0.733878795957828,0.726409895556025,0.74989866038577,0.814867680024282,0.794681334272262,0.701817216321137,0.783899559697679,0.828198364018972,0.805246615120267,0.725292408411152,0.712973690859547,0.730172593886986,0.743335516890075,0.699216286186072,0.686686785455798,0.785643359897035,0.726872567267901,0.694068878304702,0.717525229241264,0.774706895414145,0.59335189439828,0.764099745800534,0.717872003611403,0.77817320997473,0.730239644150852,0.742055028698801,0.758698151654381,0.777743656648064,0.758258141330348,0.745934604198641,0.674329743228357,0.715518906431132,0.664936791265812,0.543063411420842,0.420262538801513,0.494115505711963,0.492069928875311,0.45799162491431,0.356927752916934,0.456530100760858,0.484284096458041,0.473027264321696,0.607877596903206,0.555782909187398,0.580200979194593,0.476447634074236,0.554364838288082,0.519289223746759,0.418886929367676,0.564198733146439,0.470646117407322,0.581578599231052,0.71254945885215,0.574711576270851,0.668159096757091,0.556564330556938,0.634801816338344,0.570881042678802,0.61182891653872,0.686470193351632,0.687222512566823,0.69695527804493,0.689748340926587,0.714563612494292,0.717037529065313,0.646406896694367,0.667166323771057,0.597807299471727,0.687223362203153,0.59118806648542,0.663269308925348
"X1P01",0.503407652005107,0.576121273971226,0.417819934573766,0.484249255404806,0.434285927448598,0.423341160144911,0.44184312696199,0.38257586457292,0,0.292768542125475,0.297166036092227,0.31140004136904,0.299051847733165,0.34218771248093,0.282892365395251,0.294889888059901,0.434692172068745,0.462009048281767,0.440386830446987,0.412455183980594,0.774766361282207,0.766810816604805,0.763275881017375,0.726035977914042,0.795576724665243,0.773305688947808,0.741009915623609,0.743550720991862,0.769374318556774,0.842884148770726,0.795978754681308,0.737007218920294,0.799682639658953,0.836151855720854,0.823345869167285,0.755452758470122,0.739612037308617,0.757258633179331,0.779536432585774,0.709432436164529,0.690179786332208,0.792759292526761,0.722437434939094,0.710468468873258,0.713381294571597,0.779432996506511,0.613960155557529,0.742186656616132,0.709505474404388,0.784232667508846,0.718248968830927,0.738573338876793,0.75471974173661,0.760972908081091,0.746589506512516,0.754271179874878,0.692382626784481,0.722829698060952,0.67076481011264,0.608663659688501,0.459706470092083,0.557658357391342,0.504567912460125,0.573444080743176,0.524726442344517,0.589180233756446,0.544513247709093,0.440078545859656,0.584267022783784,0.541278249373169,0.571973496720671,0.463265011935947,0.562742581792666,0.576756273328236,0.446045262125694,0.629288877023229,0.527498289828022,0.625064568715502,0.715149022560581,0.607241138869209,0.690508116683476,0.601219990822983,0.65837294048293,0.614606112891818,0.651777224005758,0.649151602277213,0.650562108034521,0.674649308033263,0.690520578985303,0.705798250188477,0.695424076975142,0.638124707708946,0.664060807660016,0.592487875444811,0.710999033575861,0.63752511339358,0.66861352529329
"X1P02",0.498145995362253,0.516762674061739,0.46822028117021,0.488425927305247,0.459631605420396,0.405783096904782,0.477646568424397,0.387010476908808,0.292768542125475,0,0.363182983699063,0.411888734287375,0.373772068472642,0.419501062890395,0.364920426415543,0.388402539590669,0.462447304036866,0.501642081594805,0.473001770311429,0.476638756751833,0.761313327340734,0.755372095096849,0.739128086230322,0.70781743250618,0.793610423087377,0.765129849952884,0.718932226647703,0.725443298067027,0.739902516748764,0.816241002606782,0.783059013844948,0.70782989329358,0.792373772104888,0.815373737300359,0.805307317539113,0.741602006468715,0.708721477719558,0.754555370739091,0.756179990597667,0.669369714840194,0.637564050022907,0.753583025610759,0.685720490703722,0.673790478380938,0.693397165095353,0.752322978682565,0.585460934529838,0.69222280852022,0.650479796993741,0.718604731532332,0.663854500205916,0.697348446099085,0.702108310876033,0.712435230834686,0.687094982979659,0.72125083492388,0.631011976781246,0.680750597762996,0.613501447747162,0.567127866630741,0.433377565460366,0.529433060243021,0.513113977869002,0.543025898713348,0.479983422096417,0.562886454141251,0.492652794625252,0.401754979904852,0.498127657099547,0.453533672379499,0.500798425416604,0.431459606781882,0.495818077623653,0.515008443430993,0.414032159768826,0.582970662793656,0.51795461826565,0.615382036571259,0.653173757565787,0.561866129179617,0.656659308429546,0.574588976483619,0.594549481232852,0.589953393236381,0.597968888162904,0.618725073245675,0.601596520169436,0.611416692398879,0.621534992121791,0.661921699948026,0.649369989212868,0.578879587613988,0.616512473312946,0.555729360183487,0.62139154158204,0.609329710387212,0.65062245450791
"X1P03",0.567639409882224,0.672844547992207,0.512045291374481,0.514012953022404,0.466023861297567,0.506887840876141,0.461806422801677,0.47059985833058,0.297166036092227,0.363182983699063,0,0.299608026899195,0.324108593172299,0.412242532461106,0.299946068068622,0.299901543729768,0.492374979617116,0.473350455217356,0.464939710418585,0.437799047709167,0.834141256662891,0.813516030620605,0.822614463736766,0.80930217915742,0.851591868560271,0.831680095468722,0.794328550224389,0.804135818938723,0.801019172276725,0.87286013432549,0.851944237837541,0.79566435565221,0.850424685948732,0.876222348448164,0.861809888089666,0.816124634080622,0.795500018068811,0.806612492951623,0.821882460710716,0.75417846433351,0.727909262305081,0.82678067688094,0.74391435348352,0.77380093125895,0.77793306040063,0.829789432715144,0.688161376843262,0.77569874456887,0.746049125929196,0.793508212704746,0.753213457786638,0.775007149840848,0.775021299995114,0.774766572921909,0.771716057069547,0.803538097535799,0.745998448652283,0.759166271847053,0.728217500366186,0.729553056924744,0.56504465514551,0.655340818341419,0.605716594451146,0.661311305937758,0.595793262328335,0.697346786070525,0.649273792866906,0.548427746195701,0.689794172569012,0.639443283901808,0.619013499202213,0.54814694614935,0.648778513656323,0.679214635696649,0.498109114313096,0.679380107258548,0.587672993669234,0.670849193373621,0.718937959650153,0.676006967493079,0.706846650112166,0.6687765259653,0.709197720867873,0.69278767377905,0.679105173166567,0.652736000729633,0.658565023538627,0.703956929115636,0.712681058509398,0.728224030699269,0.730396616060552,0.677278158859119,0.678810992065767,0.6199178246866,0.723718163597972,0.664404779738998,0.666434109607293
"X1P04",0.57541769298438,0.659740133235232,0.500085327777902,0.533179201509903,0.482124486087784,0.511059347409039,0.475750848643785,0.464631681393842,0.31140004136904,0.411888734287375,0.299608026899195,0,0.329062080514506,0.332342912005264,0.22457414868139,0.227126640537298,0.504098524883603,0.490179276445967,0.491878719605765,0.466994944850119,0.821156754345954,0.807688018081417,0.816219683252288,0.802162735104379,0.853046598607626,0.840752692918871,0.806034257339788,0.817329022774926,0.823510024929224,0.887648954924766,0.85943077318871,0.815693456560532,0.846969143053996,0.886400068770419,0.885313709323741,0.811580147992278,0.80292933912382,0.830999746996707,0.822271929305953,0.773601778874403,0.74813313681489,0.847726107564364,0.78522399649671,0.797597378724818,0.787430409770442,0.847939222779905,0.706330884152034,0.80453259742223,0.775203730057199,0.84602962025727,0.781358614718866,0.806120060847786,0.807412763848341,0.818198730551221,0.803209024139153,0.810481337097564,0.759639784295848,0.783399694071682,0.726311195397315,0.67788485173899,0.545086911960455,0.615989194035121,0.552832405761842,0.675599657826686,0.615085781655905,0.683772951845968,0.642124507000601,0.562447899228224,0.687534223003145,0.625083408541581,0.598513194080231,0.565355363663112,0.654305656060685,0.664217049959802,0.486759558816926,0.683983857130404,0.593083974555453,0.676924239254358,0.749193553655161,0.673478147863524,0.744543453933411,0.69624085230752,0.730415133387248,0.713705839525204,0.677807374016154,0.68500037615922,0.692465919645638,0.741050792409368,0.754367521335319,0.76691367951096,0.753542815095952,0.703152007396582,0.718542524079066,0.637874125403011,0.7605589904708,0.683382216375251,0.709628936882108
"X1S01",0.477982717157851,0.645989932642684,0.377660100431623,0.450807648901217,0.409657409423249,0.44909741309846,0.431073437628246,0.414284854598293,0.299051847733165,0.373772068472642,0.324108593172299,0.329062080514506,0,0.40168474267486,0.321637778419258,0.315173264070726,0.426510383158672,0.39590739739249,0.39242899321034,0.335329529234687,0.814204543204393,0.79504433346639,0.795839912929411,0.794995211789454,0.858156224026599,0.834406430827315,0.81065943425784,0.80471411426594,0.815339949119595,0.878486553387314,0.860341361709886,0.789436196842771,0.837193822534588,0.878231266624755,0.881159067817518,0.80440311904184,0.800572579575904,0.804985446639155,0.801896736810222,0.759161367942226,0.755192746186447,0.838730204913455,0.773055910979932,0.781703632980657,0.787079094414984,0.839206752709392,0.686409425438742,0.80497669141597,0.777631003538776,0.837187941354147,0.778257383131866,0.789936231052388,0.809659393730699,0.813918417901156,0.807500330418359,0.819050887040104,0.752545535204155,0.783393976046919,0.736898253820539,0.602485645468978,0.476227496188765,0.559056028088946,0.497146562445685,0.610510962627599,0.550251370554766,0.646845886362125,0.604803600053289,0.5572297927785,0.659212218833084,0.627625073848623,0.617937200369806,0.543706803013444,0.634732041153841,0.647029826170979,0.478593748013433,0.669998120831075,0.462784059046033,0.691236739240754,0.762057553313337,0.681473713333683,0.727364547870686,0.672180756390821,0.722573993438806,0.675757553469217,0.673082774497016,0.695030443942032,0.706886206386329,0.735730150438528,0.738056939793474,0.758548330005394,0.752891189195998,0.699165395436264,0.715993429326837,0.618311786552704,0.753679971649821,0.673144575859338,0.695789202940163
"X1S02",0.536020855314242,0.601120703347127,0.50779482591458,0.527121130563612,0.504292302759771,0.531767091718436,0.512271664294826,0.502717488138618,0.34218771248093,0.419501062890395,0.412242532461106,0.332342912005264,0.40168474267486,0,0.311831399866077,0.271558769998876,0.533319655207037,0.51841908875446,0.549337155674389,0.500039473326879,0.790723895125905,0.789220152502238,0.786188080870674,0.752210712337348,0.816439938835268,0.816215710359918,0.7702860974729,0.793588513375229,0.805635008744655,0.87309906574704,0.835028521898884,0.795559244521039,0.825556549099107,0.854284618962849,0.853227226532389,0.790393490274072,0.779831805929125,0.803345631319572,0.806669738588438,0.71695339231296,0.709729237228937,0.825983517320269,0.727790695179825,0.747507777928177,0.743265058676888,0.80686108219372,0.654561293760791,0.74769969386078,0.716546236546088,0.804131790769507,0.735142128987338,0.7575855825571,0.772227655665001,0.77369738805159,0.751124981292427,0.778753865162252,0.713448909316776,0.761382862047014,0.681751781377216,0.639694848455406,0.506449098147685,0.577697250943867,0.553863726960851,0.624569914603601,0.576496169661572,0.622581784236171,0.604199451080259,0.505243179291584,0.603945081732038,0.534070533911142,0.510075372448373,0.509870099085681,0.564363366391743,0.609343776632732,0.52728755288416,0.66355437781726,0.566377972546312,0.659319589853938,0.765165182705819,0.636952441564584,0.733521457333889,0.65454255129853,0.691564205933274,0.663948688098783,0.704557442952535,0.687740071281392,0.667202973543045,0.696919562117297,0.701024277312525,0.724788495359224,0.703079043086687,0.641279960257181,0.674842698949072,0.637512439353753,0.736490533976547,0.701481934870064,0.739221352750686
"X1S03",0.560635966581448,0.631407221661652,0.477786797587613,0.542471567842205,0.445072756711663,0.490613433299972,0.437204301443025,0.442776274098057,0.282892365395251,0.364920426415543,0.299946068068622,0.22457414868139,0.321637778419258,0.311831399866077,0,0.211882976738834,0.509364992544171,0.491134663126456,0.503439916782347,0.47098072820389,0.802031276914775,0.793876559257273,0.794340037882729,0.777532591329724,0.832849823682189,0.817944979844985,0.782396322034896,0.789751214673767,0.797668247669912,0.869101798193915,0.831064065144379,0.788431717123129,0.826100337720333,0.858931422825928,0.85639341884603,0.797859740353726,0.777274528653875,0.812954641763308,0.806317325650757,0.738399617469206,0.713673115759584,0.821794880197004,0.754674514617158,0.75289794486147,0.745314449539878,0.805357420620395,0.649409116011839,0.759833152894591,0.735429965288562,0.807752112967328,0.739170738913614,0.759827155745508,0.771292243394829,0.776190090262458,0.761078452733105,0.787847194867354,0.7277240886591,0.756405552110629,0.70141647230155,0.678335866187754,0.516496051029629,0.59767851950928,0.550305901444534,0.648694311148243,0.572947523363698,0.652978798411253,0.619781411687932,0.487316949819426,0.633309942217165,0.558218945693539,0.537457842017629,0.483870966721428,0.601645831272258,0.640221695788671,0.469548961577195,0.629306368547033,0.564923401199909,0.632305077742213,0.727997910745287,0.627949014895821,0.716817143304262,0.624407505285028,0.688644261148916,0.627715822333712,0.678967498694077,0.658792501052037,0.661994060719955,0.68178068549833,0.702542984169819,0.713222505928313,0.704622283224646,0.629739781249055,0.648055398744846,0.609260541049044,0.723405414311579,0.633505233449249,0.670151654687347
"X1S04",0.535876493030729,0.634658879649841,0.455420386573762,0.511684204823066,0.441454927556694,0.469688869656264,0.439136567524755,0.455323348499115,0.294889888059901,0.388402539590669,0.299901543729768,0.227126640537298,0.315173264070726,0.271558769998876,0.211882976738834,0,0.477394628350948,0.486805553739361,0.492199147528894,0.453246449592369,0.808917372483008,0.797134213937005,0.795106548348284,0.777287339441727,0.837743693187845,0.821351926371278,0.788773041489973,0.798190877124443,0.800703339009394,0.870891813326506,0.837181230358904,0.790800108191317,0.836073724988414,0.863811895752797,0.865819586543579,0.798853051837671,0.786271093571312,0.811274265233027,0.805172492247268,0.746908329425153,0.733848883693676,0.822487834515588,0.755551052802636,0.761692081230414,0.764869538055567,0.82588549300273,0.663087544680644,0.766853627032729,0.744329425501007,0.81749040468994,0.744771406705717,0.768715165707692,0.787585048993068,0.790225922294169,0.76944913429949,0.792251573930027,0.740237363486674,0.764475484424041,0.699283905269323,0.667509641044856,0.501232680920512,0.601777932753959,0.541154624875303,0.632597986847305,0.559900706357295,0.649650806688888,0.616473641327602,0.492993985234083,0.638008440943732,0.565724188101226,0.54679178359501,0.500740936094573,0.614098239395045,0.640295826232321,0.476493089530385,0.645576229636179,0.551999991799198,0.645679965673264,0.734593068134914,0.635772674622451,0.692283496113857,0.651397772116772,0.710819740189023,0.657504371512152,0.676777891330856,0.655713991723459,0.662670418565376,0.704685070194822,0.711813351116935,0.731927094433842,0.719548464201548,0.648298582725956,0.665402493205273,0.60867287957817,0.740904212911733,0.639770059618152,0.662043507337645
"X1W01",0.426231480364007,0.551749338970566,0.382020470099676,0.374739605155545,0.452607183376747,0.424200920418193,0.443601896492006,0.406115975333185,0.434692172068745,0.462447304036866,0.492374979617116,0.504098524883603,0.426510383158672,0.533319655207037,0.509364992544171,0.477394628350948,0,0.26939717554159,0.338503081333902,0.277157633352672,0.735993759502492,0.726501491103308,0.715724788030242,0.729900754149954,0.792386106534421,0.752034435416375,0.743718478055234,0.718253060939566,0.761094901758979,0.817643209101923,0.782144795692639,0.714421711446735,0.768674329612667,0.823964436838747,0.802184028338478,0.721488952285408,0.711306785173019,0.712286998311924,0.727842902083686,0.730453627480993,0.695582011788792,0.79558553439609,0.752683611188916,0.722504097531698,0.734469522960873,0.781872752411704,0.64280091949649,0.784496514676897,0.756171398946869,0.791962616259329,0.75831740554579,0.77294037353479,0.774096983319959,0.792805128365973,0.783760809790036,0.758321885547366,0.697677839111175,0.73241147355068,0.699399353016337,0.517634418210592,0.352775178228717,0.484654628300835,0.500057272116117,0.550346273407664,0.500182737427975,0.568132550832982,0.570070355169723,0.542194088571222,0.654072601759445,0.622601717122606,0.637317269982422,0.543712908983017,0.631854898559062,0.55537852007619,0.410681880156159,0.622423489655738,0.398208563772842,0.637321602195229,0.711509537796368,0.623363937058181,0.720710170127898,0.65605243497321,0.678196876628812,0.647088872231301,0.66349825684135,0.722972567709431,0.714473858123724,0.724269843943449,0.719071965798594,0.739389629494362,0.742628714681363,0.712240410074733,0.713230479162263,0.6267200806442,0.69676808100532,0.620486626870527,0.682405298765692
"X1W02",0.486392377410745,0.620318321799434,0.43408348132451,0.408485669193922,0.461751649035958,0.49233081403717,0.428410482962663,0.448705421284215,0.462009048281767,0.501642081594805,0.473350455217356,0.490179276445967,0.39590739739249,0.51841908875446,0.491134663126456,0.486805553739361,0.26939717554159,0,0.269621334505511,0.250455834880594,0.777988918761705,0.766198450038895,0.760034765871662,0.779883842786197,0.83340764217849,0.800140113938568,0.788346365576708,0.778402090706324,0.808019128032804,0.857530870854893,0.834415721532142,0.766416440713911,0.801820518963154,0.859215261746352,0.849181574241284,0.770964053071784,0.759200380651601,0.75818900215637,0.763957586520322,0.76211222037888,0.728584254407121,0.831830444879778,0.788093375038153,0.779863879187133,0.775136086588476,0.822888187147946,0.683038422817443,0.817107177139131,0.796097315898046,0.822292499493822,0.796839227168893,0.810052002484843,0.808359147305534,0.822654519883288,0.813108516173231,0.791580338408873,0.745245799953699,0.768740340406899,0.736692668897616,0.594602873086929,0.437802693966242,0.523034693999596,0.525201219520085,0.602495368324267,0.550569066682416,0.626450665541896,0.623196224887097,0.59038603337535,0.702733259648137,0.659151009549767,0.64745351674909,0.608453351378662,0.658505437301242,0.607325973897907,0.47949087127581,0.664586231055346,0.460058851394176,0.660280970172512,0.735439173323933,0.661083683665733,0.754184002522374,0.697342993473462,0.724556790016395,0.695559039744711,0.730214258735775,0.744485248015965,0.73707199542863,0.761935225090193,0.740788938621236,0.761979584103577,0.77182296624554,0.744683926432127,0.746528844874178,0.668696013037612,0.73724171413933,0.668026499833306,0.719367253925619
"X1W03",0.510136105422706,0.623965448236317,0.454166805672009,0.470560403444178,0.473467224214761,0.486239748968492,0.420858819570386,0.453940825450076,0.440386830446987,0.473001770311429,0.464939710418585,0.491878719605765,0.39242899321034,0.549337155674389,0.503439916782347,0.492199147528894,0.338503081333902,0.269621334505511,0,0.329833506776179,0.774509885164103,0.752624217330148,0.761866636793736,0.775537744656798,0.819258924331388,0.784334134395353,0.759766345559573,0.752667647850213,0.787425293447684,0.840053116952395,0.804257871269691,0.756083585620437,0.786847636517196,0.843505602641593,0.826814668726498,0.754899341759024,0.747628284040847,0.749499557133942,0.746287630616547,0.748573501919041,0.726550397563646,0.805573056106909,0.759638242939716,0.752489793949846,0.766509621100967,0.793101778453224,0.67764773382759,0.805502026760505,0.783093436916702,0.808248830420712,0.773302728480789,0.784011058513934,0.796050504622647,0.811638642985329,0.802011118636101,0.782053335463911,0.716922195820819,0.761206587293623,0.734032692583872,0.59706857784828,0.477962004704884,0.564425263707252,0.570389068395634,0.62110807850299,0.561782069169055,0.643988233740185,0.599213125645618,0.588801238397827,0.71495060240372,0.697689901425487,0.683495386281881,0.581387821383527,0.678429610535151,0.630179967877787,0.494947126808224,0.697131375369667,0.488449610551741,0.70539227564678,0.721137269580468,0.667104845524088,0.765638526082735,0.694560764821145,0.707697229850575,0.673370015245713,0.688473581570583,0.765883678176559,0.729123530613618,0.764747905374272,0.758745885404613,0.767535712376436,0.775070423314862,0.756519137276781,0.754233565736308,0.659446358908412,0.712818465307056,0.690230385275919,0.73364046774027
"X1W04",0.465002375823925,0.616073758532675,0.376710118456847,0.386457765193629,0.439275811960729,0.455312778083685,0.414621502737403,0.435157798832952,0.412455183980594,0.476638756751833,0.437799047709167,0.466994944850119,0.335329529234687,0.500039473326879,0.47098072820389,0.453246449592369,0.277157633352672,0.250455834880594,0.329833506776179,0,0.78176835509469,0.77456512538991,0.764352041114537,0.771867737433074,0.831288338250948,0.795340688428913,0.787092566581447,0.776291530944716,0.806450838199792,0.857771673428782,0.827300354876173,0.759871782287107,0.799134810990016,0.855310087655672,0.848171537901694,0.763929418223295,0.760291022462754,0.765407448295474,0.764749416055052,0.773390899269317,0.744114043817455,0.839048315308213,0.796813425126909,0.786087244064369,0.782552535669876,0.82985699125716,0.69330399735424,0.819242300934455,0.800958873944616,0.830770045180731,0.798220214738346,0.80953035011233,0.811493378668148,0.831368351112394,0.820438970682642,0.80488202641206,0.751549829195112,0.773349196086483,0.741456359420992,0.583661194046263,0.432333761389255,0.527194626038522,0.474461261718695,0.599106380377785,0.55053344120424,0.638251031188469,0.617353272471095,0.592430155352096,0.698390854466045,0.658034780493249,0.651089041884962,0.576036286740641,0.64468503053129,0.614403330342127,0.460234899399291,0.668619395837171,0.45223609317406,0.679384991590258,0.750001938334726,0.669081261948321,0.764630799385154,0.690557854206761,0.729792427018653,0.696107706372685,0.711979484163502,0.751716312709978,0.729701516577225,0.755369062587532,0.748669032979636,0.766491508489368,0.767369496234446,0.73803736965114,0.745000024373091,0.659588099625882,0.736275007504095,0.672356602222751,0.725109909029393
"X2D01",0.709330254772327,0.55339938298478,0.733419733599382,0.724570180465993,0.759040609097223,0.730084002066988,0.780504464534322,0.743723544753708,0.774766361282207,0.761313327340734,0.834141256662891,0.821156754345954,0.814204543204393,0.790723895125905,0.802031276914775,0.808917372483008,0.735993759502492,0.777988918761705,0.774509885164103,0.78176835509469,0,0.380028240542479,0.354845069057134,0.519804322267186,0.45237644566513,0.377932780797746,0.517018305639449,0.417074652319777,0.51519423104546,0.492787977162416,0.443236393690733,0.408413500393708,0.436796220874603,0.44718311395324,0.446892407977543,0.401220333933395,0.443629850933689,0.387368073652845,0.420307793649582,0.615039144875979,0.549074325783764,0.578636594919711,0.588404819676737,0.485120243623588,0.505745848115456,0.480980773132918,0.555166068576502,0.653702722267671,0.666302894424353,0.617051551063694,0.634079525272924,0.637094351551994,0.619111655094677,0.638556302168858,0.625907480189634,0.56527798430748,0.561889500913439,0.579484908687049,0.610602550160805,0.685907208699241,0.699890042991954,0.692204196205282,0.746625261016639,0.529118400813061,0.662378469679429,0.524901190952165,0.652244082455086,0.677717366342571,0.623755627173667,0.699748564192096,0.728554489913443,0.656676420252228,0.618092468349306,0.574797627942803,0.693806725783885,0.707776518121848,0.724390042023735,0.709655677250427,0.784177615608555,0.696970749110719,0.772667678778443,0.689540485514288,0.572042944599014,0.645970288330949,0.76251103739474,0.794801382233211,0.73483712547324,0.708589278332198,0.731086075252819,0.67527435092573,0.668711187770368,0.734691220325995,0.728526878619159,0.781427115711,0.7264773229778,0.738346415678552,0.811800993099481
"X2D02",0.70770279863033,0.559713116720205,0.725138280659806,0.725885795693545,0.752970211822113,0.729628743032326,0.77045812928167,0.739325668812464,0.766810816604805,0.755372095096849,0.813516030620605,0.807688018081417,0.79504433346639,0.789220152502238,0.793876559257273,0.797134213937005,0.726501491103308,0.766198450038895,0.752624217330148,0.77456512538991,0.380028240542479,0,0.412656248409854,0.574190798367234,0.523942308877098,0.46347736755403,0.536365179690787,0.448212739435509,0.50929121145383,0.538825972782363,0.44816405260836,0.444583393099141,0.465313040198641,0.513060666876088,0.460775269455646,0.431462076779766,0.468537676995393,0.459237472036031,0.425407820446534,0.629772104061005,0.557665338988008,0.618813119615605,0.618864317906683,0.537941698580665,0.558391807042955,0.502246990833523,0.585213099852098,0.67637826405823,0.67173980604051,0.630156468495539,0.647474060390857,0.665898434374361,0.639894022966737,0.621912034628096,0.642311808321332,0.591005370165514,0.596306645050431,0.596209633486129,0.617106273191792,0.702697247288027,0.706926532122564,0.697703156946896,0.739980691604756,0.57008295381613,0.658111945910477,0.559715271828091,0.658276313306954,0.679320921137455,0.63844794506244,0.710971595752715,0.75467663572758,0.662085591195817,0.643964035248666,0.57926592041764,0.690287835715832,0.698015066200998,0.726477299189121,0.721202158497515,0.775310449732368,0.694831970245747,0.769205287673856,0.692127473919227,0.600009244316538,0.672570604388636,0.758643876677143,0.772038635654356,0.73339142807235,0.70642947185017,0.724178113238502,0.690957679966342,0.697873331506769,0.742489205116906,0.729643244480857,0.770767790825954,0.704200633578171,0.72261843990792,0.802059415791107
