"","X1D01","X1D02","X1D03","X1D04","X1G02","X1G03","X1G04","X1P01","X1P02","X1P04","X1S01","X1S02","X1S03","X1S04","X1W01","X1W02","X1W03","X1W04","X2D01","X2D02","X2D03","X2D04","X2G01","X2G02","X2G03","X2G04","X2P01","X2P02","X2P04","X2S01","X2S02","X2S03","X2S04","X2W01","X2W02","X2W03","X2W04","X3D01","X3D02","X3D03","X3D04","X3G01","X3G02","X3G03","X3G04","X3P01","X3P02","X3P03","X3S01","X3S02","X3S03","X3S04","X3W01","X3W02","X3W03","X3W04","X4D01","X4D02","X4D03","X4G01","X4G02","X4G03","X4G04","X4P01","X4P02","X4P03","X4P04","X4S01","X4S02","X4S03","X4S04","X4W01","X4W02","X4W03","X4W04","X5D01","X5D02","X5D03","X5D04","X5G01","X5G03","X5P01","X5P02","X5P03","X5P04","X5S01","X5S02","X5S03","X5S04","X5W01","X5W02","X5W03","X5W04"
"X1D01",0,0.323668634729764,0.348444201296947,0.351503737841413,0.752247139874379,0.842241261708643,0.826505127807165,0.923805089225544,0.867614480174496,0.923164985404348,0.833165272157104,0.916987828385606,0.906499415464413,0.805304833777172,0.694208143865732,0.651646308943776,0.662448370651244,0.682258276488264,0.356433340198456,0.415919339000337,0.350880282936664,0.340257530940532,0.758814333525986,0.851451622212568,0.77674210585097,0.808477322172474,0.852182162216738,0.897951571305468,0.870729580321662,0.853781471607499,0.810759755121786,0.763428575798526,0.831662422420454,0.69657741624585,0.675824964964774,0.688211128943842,0.702189166598513,0.506418571299867,0.575147507781024,0.653487413614341,0.525425746143538,0.778495043896968,0.795418771291975,0.857085110600314,0.814482523339027,0.950909432870756,0.904011689164598,0.95873618675522,0.941551793770293,0.899296326199784,0.951112585358908,0.923413030234168,0.650740429478915,0.679498132937804,0.765174471711615,0.688373217672942,0.355785505954006,0.381239179333734,0.525196388768953,0.838371524085044,0.88263331912893,0.850178609186303,0.87531235471021,0.94935886794051,0.934200643838931,0.967499545224541,0.919470359513605,0.932356084360156,0.929835630085011,0.946073769740521,0.895509483042232,0.692967894263359,0.715185868266007,0.683515454353818,0.668046033536336,0.619923148692478,0.60885041352936,0.599048538213761,0.653461674906024,0.793049486222543,0.814477609929268,0.96929109140412,0.963029770849085,0.95686709729454,0.968394899745146,0.967298555096284,0.968440356433397,0.966351208433798,0.962843987602619,0.686990598083961,0.662929600467669,0.666954283762154,0.673853655773779
"X1D02",0.323668634729764,0,0.258268637087912,0.216662999374851,0.75789141383846,0.850681316490767,0.821902007962189,0.90733820367991,0.853086497144038,0.900901882093554,0.820306046847458,0.901248245579619,0.891287741857492,0.795656663084245,0.65325468905558,0.632970154933194,0.650442621555952,0.664949816801705,0.380723516886984,0.408337116651023,0.348616391786019,0.366588928719274,0.730125162310819,0.875638965516494,0.802127940283696,0.828219387854969,0.865007427203631,0.903961627363741,0.88491530234102,0.859982226632812,0.814496865424475,0.801378026683364,0.82545008476871,0.728720407576,0.713015411091404,0.729227416117523,0.684558738282295,0.460991388509479,0.523550391548811,0.630577277484978,0.489796753936621,0.778333471888681,0.804865060778271,0.851099314675661,0.821864814399835,0.949215107853365,0.911367969383756,0.958952286268635,0.935431802857518,0.899480672895486,0.947955652346746,0.922730683819349,0.614902183518061,0.624945372522333,0.716391368237134,0.617304608689198,0.247226039553446,0.281219391866792,0.394417204170778,0.837383118315821,0.862423538809709,0.841871731891203,0.863376550081101,0.948744950272421,0.929373392047319,0.964546982313778,0.900879808371235,0.921640559755139,0.917758326409118,0.94441843709082,0.875978762591524,0.63175857775827,0.608597284533355,0.616685850301131,0.61625460949623,0.570003218760671,0.541922860142599,0.577443438545306,0.614735972726792,0.797799333946705,0.791626005573647,0.968227223325633,0.963320871912897,0.955512846000125,0.968862004046533,0.962904482875921,0.968407335118916,0.966164676714864,0.963547760193582,0.631116015271024,0.600659641443564,0.62055655027027,0.624143220217377
"X1D03",0.348444201296947,0.258268637087912,0,0.282798590585385,0.694977018266634,0.788243322314336,0.764910495753497,0.841639328419024,0.806380437995916,0.822781338264596,0.780787732738868,0.811488691212969,0.807570317083288,0.74210989741715,0.671437848712824,0.650874351615834,0.645987167558956,0.674587689596592,0.446227362828908,0.46587577950183,0.407745514056558,0.41654140015065,0.708373649744947,0.825293584929917,0.758644111343317,0.777853964847221,0.839407094491642,0.874323652080862,0.853545861975263,0.842260831261331,0.788187478400697,0.758410539221966,0.796135590523792,0.731516137356494,0.716445209357616,0.742017712542206,0.688781996531459,0.511104959418245,0.563332521104939,0.635944033962394,0.541833647210907,0.741634228084741,0.747556950711508,0.772172891177211,0.75933800316967,0.910580012769806,0.865798476555548,0.917565087941633,0.89809640719671,0.861726609963008,0.912050322352582,0.876128730885931,0.6354971380914,0.65602570767064,0.718947682063494,0.639371377441707,0.329204836917257,0.308664805922338,0.460845493825052,0.772113917199889,0.796572641617593,0.768535276038619,0.795601743796032,0.906013327018946,0.880225608287713,0.9091875932319,0.851172339915818,0.868529114247583,0.850523367594521,0.898600552430951,0.828525367546096,0.638860806391978,0.636027433878543,0.6378289919205,0.638475650961818,0.626813117759712,0.582554801595281,0.62652032638375,0.668772852884107,0.729846265464668,0.726668963292356,0.925144880997977,0.917917656304227,0.916861504124067,0.930570355624214,0.923203605510335,0.928805659943273,0.924102949852822,0.923258274116975,0.647902415219023,0.623464097924053,0.645048841752059,0.645402605245683
"X1D04",0.351503737841413,0.216662999374851,0.282798590585385,0,0.767294952133823,0.867431798524252,0.839073168438137,0.887122065866635,0.852061940338125,0.874933809284298,0.825222567640742,0.873966921990869,0.867986921930055,0.765893844961333,0.653265000364763,0.664645473038054,0.660490323710627,0.679308999371596,0.427838727115335,0.458022432631131,0.368844149326975,0.396514020931645,0.730665186376916,0.891383032678698,0.815537643417127,0.847149297435729,0.866795385844828,0.908180435607022,0.891776557156434,0.86818015531094,0.814490294963674,0.799459520201744,0.828838628078774,0.753165740552776,0.732937815871778,0.759625120065421,0.695194117957064,0.478877376961031,0.521539695688316,0.649251120738028,0.529781214753125,0.790659986583154,0.824736512046443,0.854139133420049,0.83701013000245,0.947022476227572,0.912940549950425,0.95500081192597,0.935880344716712,0.898036056867886,0.947528469202068,0.919440104742174,0.641849938782481,0.66209643436855,0.7190745178523,0.647235614590254,0.25910993043808,0.317130270628899,0.425727795290163,0.852158686708127,0.867789633032602,0.847988075815707,0.866639970545647,0.942549581513896,0.913404377055871,0.957936527151618,0.885885981164771,0.911886594750301,0.883294281084003,0.93936234013585,0.864695088227127,0.628644417731764,0.629235050064012,0.621206694584403,0.62839754252913,0.595588368062915,0.567918473245167,0.588548302466441,0.634114768985181,0.801411675611948,0.806334298432374,0.964775106568813,0.958970539985494,0.952345269758683,0.964039609799366,0.962325880038676,0.959719825249827,0.96236868458786,0.956949845960212,0.665022643698912,0.631952039571067,0.646893262717311,0.6469452727726
"X1G02",0.752247139874379,0.75789141383846,0.694977018266634,0.767294952133823,0,0.246086543623989,0.199939643091979,0.895277436727482,0.883818453183384,0.856436006040956,0.807059413996962,0.841722393068364,0.839937658874574,0.769643957629583,0.783352127523544,0.749232207234384,0.765016438311256,0.768019103752155,0.761098753597557,0.800945590383664,0.753373833023787,0.775918664313768,0.74708842958962,0.491743728240428,0.417724776435491,0.447333825507644,0.68846208106494,0.837403734436082,0.764185225809187,0.763534454764004,0.704601195468902,0.636703616482891,0.72576204873618,0.735943516980378,0.744775591005302,0.814341129134758,0.779444019319768,0.830453381342798,0.859170448234641,0.90229516839011,0.857146902561144,0.412297807824778,0.521994950583517,0.613494462981505,0.568490034596681,0.957997897958625,0.896606151358092,0.958127600216105,0.936438727651008,0.909254296447302,0.96236437815184,0.91587129811037,0.837680112101356,0.845194661970861,0.889581900526128,0.827141423836178,0.773708951605665,0.738238305922995,0.842918349790337,0.322587902182358,0.332146305130954,0.349859366139913,0.309400278327738,0.944253198477867,0.935531143137738,0.943099724853264,0.902526912861696,0.917316791633756,0.903793742304635,0.944606617233432,0.862637544397331,0.808258464550796,0.811538242860789,0.799218087474759,0.802924294964381,0.892990100962556,0.877190965733151,0.882111490625927,0.927249959402505,0.488690504574513,0.511208097065034,0.976506482568712,0.962917005367773,0.970830094301189,0.979289244766172,0.967068429429521,0.964572868848352,0.972299172949866,0.962590121059331,0.839483280520348,0.819874316977634,0.83555953831869,0.848352577319452
"X1G03",0.842241261708643,0.850681316490767,0.788243322314336,0.867431798524252,0.246086543623989,0,0.181306535042892,0.881297315923579,0.87510627781994,0.852103290690954,0.826380233320461,0.834205082055506,0.83840453242237,0.816751876956581,0.790372438789255,0.762672217894019,0.769572176578979,0.773953885425735,0.800132152318366,0.79898039074916,0.807378144588789,0.806520338323332,0.746203795149495,0.442631913274835,0.467855679765658,0.420736587045366,0.694537125861994,0.820391976742631,0.736208812115119,0.755804971511454,0.759075745945639,0.725407715830801,0.727353106205735,0.718974474498906,0.73206540065777,0.775747050355706,0.757131383308909,0.851580430930756,0.865204569405785,0.904602405060156,0.870348462396179,0.442382524357633,0.52500260194503,0.610620220087508,0.564280345127232,0.951862552693411,0.889235351533065,0.952086319404176,0.931898539042288,0.905697951130779,0.958246606623731,0.90924079740312,0.816210838891251,0.827875246634675,0.883587986945051,0.812171509075606,0.86050561339413,0.812651537020943,0.855838755653857,0.345578148849143,0.371093163282173,0.388382546274415,0.358038601388155,0.936672146484388,0.922538751773229,0.937002561176628,0.894889697613359,0.903703774551817,0.893715883577778,0.938623805832954,0.851402597424731,0.817971254201161,0.816628034791449,0.7900552008536,0.811002790390157,0.903363769353312,0.88970833761786,0.884730895676319,0.934053031037664,0.524370902145901,0.526272537306874,0.970588867233181,0.957697027915774,0.966975402421484,0.973807279736737,0.960774072071356,0.959254056299819,0.965718896709656,0.955021777644037,0.829677411003016,0.825531662108433,0.832421319766033,0.842913326821614
"X1G04",0.826505127807165,0.821902007962189,0.764910495753497,0.839073168438137,0.199939643091979,0.181306535042892,0,0.907141066640581,0.888690842446536,0.868133136938066,0.833943837694686,0.852063669294624,0.851193799820292,0.809427140687662,0.79152708478678,0.754167986992378,0.770354703785082,0.776641359151252,0.787645887252749,0.795337377859097,0.795820096188279,0.79855571736271,0.731353874830447,0.446986909116872,0.44979257627868,0.399468899066513,0.692640200688799,0.837459853405497,0.735868826140688,0.76738358624353,0.764463642667088,0.720140298505479,0.741266797902464,0.726188261459807,0.739407921633716,0.79356238535641,0.756487718142349,0.834464351064789,0.856268646652612,0.898823262505174,0.853196729996301,0.38313976824525,0.483376790224856,0.582106008917209,0.522182349918799,0.956736787698707,0.890553789997015,0.958913053312837,0.936930668983028,0.910533905383476,0.959096552979562,0.92045999681231,0.829193590265337,0.846335022337471,0.890823878027896,0.819885024540449,0.837317475643166,0.791632172842109,0.849949416069302,0.312816003647116,0.329685693461279,0.342209360413639,0.313271994954222,0.953329687643505,0.941612014000509,0.952082230708592,0.909250243156786,0.924352808562757,0.911247941013959,0.953324360110319,0.868667422718297,0.81631268116038,0.817843378312751,0.799158650669728,0.812336053003441,0.892563167114001,0.870598873390609,0.875705273860305,0.928152129902174,0.47594741770158,0.472450104762445,0.977714498886463,0.962018138550341,0.967596350648078,0.977941804034259,0.967741152511129,0.97027573732685,0.970994718714786,0.960510578196701,0.846169601709603,0.825134427989028,0.84204239397919,0.852642479819497
"X1P01",0.923805089225544,0.90733820367991,0.841639328419024,0.887122065866635,0.895277436727482,0.881297315923579,0.907141066640581,0,0.337761753148571,0.295229636112368,0.422349895273597,0.357775020741203,0.346583259361282,0.540524747627707,0.78427204648722,0.78391698968834,0.777745665305341,0.803319884413092,0.942741117722045,0.929627197786972,0.921679249705532,0.935565538685093,0.937406523589387,0.918701565174374,0.920173786819421,0.925485718450116,0.698208759124027,0.657932280351445,0.711808819292705,0.763149246413652,0.635956536966365,0.730700124832556,0.606899395757999,0.858925006909455,0.858813530353136,0.87917770489819,0.859856721750851,0.843785301781667,0.890911892226061,0.809565268383792,0.924948948306424,0.91215172795162,0.896478531987513,0.775119635823806,0.907059822633589,0.538311086031739,0.525298470775389,0.510527538277045,0.539776115407098,0.531176455947415,0.555768298541075,0.529795785368049,0.820837286533269,0.745701837575063,0.769100234730466,0.8251816385225,0.895546093691654,0.871191321723098,0.879255644161047,0.89592935310804,0.880140369186972,0.900167343423625,0.875068171152711,0.404135602638226,0.333633082958773,0.393527701496467,0.33958475497478,0.361986755685317,0.351078164899337,0.514160540263729,0.38190580975012,0.773530720240151,0.753052404603777,0.785877407549349,0.789970519455466,0.934838681098535,0.910537861128332,0.90875467116775,0.870452354175398,0.902071599731754,0.897145492067638,0.539408057497444,0.567892890379704,0.635082189859319,0.616889639304963,0.597190598208395,0.603892331451857,0.663034103261358,0.617338311333785,0.772966498542932,0.778671129318161,0.807768651782655,0.804878427600539
"X1P02",0.867614480174496,0.853086497144038,0.806380437995916,0.852061940338125,0.883818453183384,0.87510627781994,0.888690842446536,0.337761753148571,0,0.361343091222862,0.459044664245171,0.427912178501946,0.399664951147971,0.60354198346771,0.750007850830899,0.743362144742776,0.751457573548964,0.768276375756828,0.88826571003989,0.881393022402328,0.873871234911915,0.882503523791269,0.914195755605839,0.908168965156507,0.912588594913743,0.893941277748768,0.706789679134136,0.641725396515879,0.690228780746597,0.753026124924277,0.662229363575029,0.725413556701938,0.624788809873411,0.815112436883217,0.821595175207299,0.835790784688262,0.809143720292393,0.783160272531199,0.834939061107076,0.716539021651171,0.861038660531147,0.877494384349646,0.862437756002665,0.710009081194459,0.871673780803993,0.542747936611868,0.507888820149356,0.513169499595821,0.562498319773858,0.527965803886438,0.547763608554606,0.533775874630336,0.75979394012591,0.697671893747934,0.701004943887403,0.774257664338438,0.856798550925004,0.838021666925014,0.834147556148535,0.868462608866328,0.864185277287717,0.867529582393067,0.857412597315445,0.449792249463793,0.420646261353041,0.47960350823955,0.38348873480038,0.454252891360163,0.441290441209938,0.555210424418006,0.446204842848755,0.726280860949201,0.717545423981994,0.73300151210567,0.739243043127025,0.853165126172854,0.84465205058425,0.835316865613144,0.793019561095563,0.847252273647166,0.854126789183398,0.530244076509386,0.571168597637719,0.590105507144478,0.602562922214113,0.61711837219735,0.620645755381533,0.661999645316872,0.623858994657645,0.708462846449898,0.724269368499575,0.746681639318793,0.732125434553376
"X1P04",0.923164985404348,0.900901882093554,0.822781338264596,0.874933809284298,0.856436006040956,0.852103290690954,0.868133136938066,0.295229636112368,0.361343091222862,0,0.455351542418714,0.331236172393785,0.336944218249881,0.511145889124046,0.768368228220613,0.771225221332468,0.751495006782744,0.785491203843452,0.939588180309365,0.918683456555419,0.914147020836497,0.932673972312419,0.914351226035716,0.892555322981836,0.892870960104434,0.892569742288962,0.682739453188487,0.660678020304938,0.697686690754011,0.763504823023177,0.643803115868673,0.726858860743811,0.597979368728159,0.85406586448356,0.846023978552132,0.874133235705707,0.84033284329415,0.870845694540094,0.894604722314812,0.830083648067809,0.923837854405479,0.873618631874702,0.863015249478602,0.758603237610715,0.873809889808168,0.579280273951605,0.521015972209255,0.544359403762435,0.572936905034713,0.57576242743391,0.593743782956881,0.577016432823836,0.822575556442548,0.743963963552667,0.776362128162905,0.812652652326377,0.888884281442051,0.840589147594363,0.888049973156969,0.854330139460312,0.841174947561977,0.861477197245021,0.835564326866199,0.466391020067512,0.417974147674991,0.481439789587161,0.364228933198188,0.440204600310526,0.357355907491597,0.572526535051623,0.409271608916155,0.755719782853192,0.741795265416868,0.770469953732151,0.77286080637347,0.925285171595213,0.900145132514003,0.908390504337822,0.889586106669142,0.868022724910345,0.866686639333173,0.561595503020989,0.590466926016382,0.62747067132607,0.631174418521281,0.618649423262086,0.627302731536985,0.683492917753444,0.640751247607992,0.768829513054804,0.782812715848293,0.796556114924959,0.803604387245303
"X1S01",0.833165272157104,0.820306046847458,0.780787732738868,0.825222567640742,0.807059413996962,0.826380233320461,0.833943837694686,0.422349895273597,0.459044664245171,0.455351542418714,0,0.4376644680101,0.399382371125686,0.438330218960913,0.740738664711564,0.718653142670022,0.727750120210507,0.745418808831317,0.845810146434975,0.841973256660541,0.830195051635592,0.841971246392307,0.874396608876591,0.881966092791505,0.849157082960475,0.859715842404195,0.535688652108591,0.593118709600925,0.595276748841876,0.620608222790914,0.491139038932011,0.577577001504307,0.45880292212465,0.765102165563222,0.771814062705,0.818883932823355,0.797509774987461,0.795855607078484,0.851262324800386,0.782836960346468,0.880771654957291,0.85324498552788,0.862032450349868,0.752410297042164,0.887995088640408,0.542861386079939,0.485546192927307,0.494129843418406,0.458885887893947,0.447754467784008,0.498941068550143,0.457772080183715,0.765261082855529,0.715725457014435,0.757105583208932,0.760574837578712,0.819251840391861,0.802914204947938,0.854367302910809,0.859406597009751,0.846265121326595,0.840860928044284,0.837324640055334,0.527608562127611,0.505234533112984,0.551323444023769,0.437569542799567,0.441854070134308,0.42917232924111,0.539337087824115,0.345178902354657,0.730822606287276,0.736118814897734,0.71967468177139,0.740091977747752,0.911664378931936,0.897512957584589,0.889349401854646,0.871801795393291,0.838277346854699,0.856560552935305,0.547734657638128,0.563899579197889,0.635263072370921,0.57311037982875,0.533683373897424,0.551038954758975,0.579855720027276,0.555804850397994,0.76406351106217,0.731098864585867,0.761461673997858,0.773944114002577
"X1S02",0.916987828385606,0.901248245579619,0.811488691212969,0.873966921990869,0.841722393068364,0.834205082055506,0.852063669294624,0.357775020741203,0.427912178501946,0.331236172393785,0.4376644680101,0,0.230735464245663,0.47252010432072,0.746797445153592,0.751853701743364,0.734207817075463,0.767377975933449,0.932814748435864,0.911005640010078,0.906875586406821,0.924711752565293,0.908038975001659,0.879532931037107,0.878018822535359,0.881018916007101,0.707154084656823,0.659461119975048,0.70545211751111,0.7423635035808,0.616970548267234,0.70777102989686,0.585980737037276,0.837734243006166,0.825522286084256,0.863766329406054,0.828034651723578,0.828573647311798,0.891419620421706,0.768059130734663,0.91870067522061,0.865797524534185,0.849240405131842,0.714288095299384,0.857725195503789,0.628098542110108,0.550289198142001,0.558619749833524,0.547664050022348,0.52942213711094,0.539808700917268,0.536631231768917,0.801301232295061,0.7261786392758,0.752018300919823,0.787907371430762,0.881893035279888,0.830763313162738,0.884803675525606,0.844043732890226,0.828730024440984,0.848273884521828,0.820848108269477,0.493397824726087,0.453236235783808,0.537973217045588,0.388810040759511,0.391151909470648,0.233854065850649,0.506916971655798,0.377894000598518,0.737764671637316,0.72371675064169,0.742358073859557,0.75670203258059,0.916554979950041,0.893028281556534,0.901581289326036,0.867613444860456,0.855882600023811,0.854941720190455,0.597345039303288,0.589151962882442,0.651421788874371,0.585841211375714,0.569707781381114,0.564851073717562,0.632007480572334,0.572414029366684,0.75768364956502,0.755700457538389,0.766030311974547,0.784780279404969
"X1S03",0.906499415464413,0.891287741857492,0.807570317083288,0.867986921930055,0.839937658874574,0.83840453242237,0.851193799820292,0.346583259361282,0.399664951147971,0.336944218249881,0.399382371125686,0.230735464245663,0,0.477685310233887,0.727561274811418,0.736988517260877,0.723444204630845,0.748235048819557,0.922569981053352,0.89808889808567,0.89803706591054,0.915417794766536,0.904185986247584,0.879548836995256,0.880010371219597,0.882044360041704,0.692871294404372,0.666588271239275,0.703697175230262,0.738191477404283,0.62619918589378,0.702193492682998,0.585028413666918,0.833410269533862,0.823479163604685,0.860166869629668,0.811669090123573,0.817552770023606,0.882728215786327,0.769525946290347,0.908940736647976,0.864504376852921,0.847515208597108,0.70312441269435,0.859953693339105,0.616978525031769,0.540008377342402,0.542286118287344,0.527459753385854,0.514803209288301,0.511662699736425,0.525653342663846,0.795492618482384,0.725781267204731,0.755389313926494,0.778923099984052,0.872121215388707,0.834629484514421,0.873966503835722,0.844155058843555,0.835791413088351,0.847210271487343,0.816921148747146,0.47370876447825,0.442583517715235,0.513857054529298,0.377587033990866,0.388397585922791,0.254363758107502,0.506612403187935,0.347724982523606,0.712406267658751,0.701242957502541,0.724645616583279,0.739818739310229,0.910758856207548,0.888532154195271,0.888950572556423,0.857423728646631,0.851895096336538,0.848494505063221,0.587191787729278,0.556099179994724,0.645639429099798,0.581627230572547,0.558725490030318,0.55849437595707,0.63609151593137,0.570340179741467,0.752806682744925,0.746910890589298,0.756102329530523,0.780447686027566
"X1S04",0.805304833777172,0.795656663084245,0.74210989741715,0.765893844961333,0.769643957629583,0.816751876956581,0.809427140687662,0.540524747627707,0.60354198346771,0.511145889124046,0.438330218960913,0.47252010432072,0.477685310233887,0,0.706201765251678,0.682604246999959,0.683531460288468,0.707821006254639,0.831507429938431,0.805154036443229,0.80335549347733,0.822886111730887,0.870672637889937,0.877403094577713,0.826115086213571,0.853316727223635,0.575875320086645,0.622264714013013,0.633116391049673,0.633475933652549,0.520185952607763,0.578509596409349,0.497338653480001,0.760774740558156,0.75533545750589,0.811847253705835,0.78907075878716,0.802310454490421,0.839636120561712,0.82429870807668,0.884684481176164,0.836510760890775,0.85661933323724,0.765043132483472,0.880361626643219,0.667039324839183,0.633116687204352,0.699944113908315,0.637099997921023,0.614987607851133,0.713376797792046,0.61846089706054,0.789959355356805,0.743635975193922,0.79261795463704,0.761625625973918,0.783775310990366,0.725199335839194,0.821048804601553,0.830794462821117,0.819928083354398,0.826278128047549,0.805807258869811,0.707370817303559,0.656567888444413,0.696825457095063,0.582825266988088,0.596317301585749,0.450843776807551,0.674183912083504,0.515564569701958,0.715009608370662,0.707859301541247,0.735770915990249,0.721192799502735,0.915637298428537,0.876945780242401,0.885366826390803,0.880328534889539,0.82243560230075,0.851750861605443,0.748637674851817,0.73045446214048,0.793387520171848,0.728595802396703,0.690832906789084,0.691110652032624,0.716982855151131,0.712059677692953,0.77875270141045,0.751148595872301,0.758558161846313,0.795688166731853
"X1W01",0.694208143865732,0.65325468905558,0.671437848712824,0.653265000364763,0.783352127523544,0.790372438789255,0.79152708478678,0.78427204648722,0.750007850830899,0.768368228220613,0.740738664711564,0.746797445153592,0.727561274811418,0.706201765251678,0,0.280542083188978,0.295920170646869,0.231537430748542,0.70109148964634,0.688754999408683,0.660541043959429,0.706577092755131,0.834598752548275,0.838615983472202,0.839794623322462,0.823231952006738,0.787843044276586,0.79193952817742,0.794131537486657,0.768730982812374,0.759121156463141,0.779772254548725,0.72780291609589,0.58673798930962,0.559859737810247,0.626969923266982,0.522873722726868,0.702818432424402,0.706554253723001,0.77715589518666,0.746081711254204,0.813041320778953,0.816064887262276,0.82413822292261,0.836380307279913,0.891947491712098,0.842020434855102,0.895774364258527,0.875334045291731,0.831525852697691,0.894115521784739,0.844973566918452,0.603613710903049,0.62396437303441,0.717964661771755,0.564279145088781,0.656563548920034,0.646399719132064,0.687781264439102,0.800429436659946,0.789073962171312,0.801770296253158,0.782191766782629,0.872855308546353,0.837325442819741,0.887598371200684,0.777433175362386,0.814744394233467,0.782275087432353,0.864913589559482,0.753300765967029,0.363386411396189,0.311569606451048,0.41885990384301,0.391080486140231,0.800486545114161,0.762883785854029,0.765268041899155,0.802812012702466,0.808184796352399,0.796380425095336,0.921426199671008,0.902376304821008,0.913714214272258,0.922615066084618,0.901877788157717,0.898761027320677,0.906099319734635,0.896565908115555,0.627048929052273,0.577110696719973,0.58549586423,0.628921459308118
"X1W02",0.651646308943776,0.632970154933194,0.650874351615834,0.664645473038054,0.749232207234384,0.762672217894019,0.754167986992378,0.78391698968834,0.743362144742776,0.771225221332468,0.718653142670022,0.751853701743364,0.736988517260877,0.682604246999959,0.280542083188978,0,0.198315891718951,0.230306884005633,0.608038257725537,0.652812130653207,0.602079485819316,0.621074507316986,0.797723933367238,0.791816962226898,0.790751129565093,0.76258116666055,0.742921181169189,0.770120581511968,0.767960961098422,0.707925240657981,0.714597658791504,0.746604870780982,0.683173485790093,0.454642928947046,0.416346374260317,0.51063759934845,0.451289603052884,0.654425414599296,0.72174496058504,0.75820978344478,0.752576504535839,0.79144662403657,0.786061098068549,0.82178595779969,0.8403237097893,0.88296906019538,0.826323108164437,0.887164097424826,0.853535507552858,0.814392825651826,0.873905876642004,0.825128509032094,0.567686084311692,0.59046966494952,0.699035443291024,0.522145677269759,0.623803988394199,0.619626902594022,0.696591524359319,0.776120655357534,0.783852883362314,0.785121855159801,0.779344447180697,0.8672224937302,0.830676060991217,0.874848631682322,0.772394871127861,0.807789861698493,0.782707239396643,0.857054119569098,0.740894935735071,0.346156286124622,0.290150695730813,0.358267728512702,0.284583325482357,0.808576171683399,0.742102267375426,0.784142032808585,0.789556357649743,0.789572395926775,0.791860373446903,0.910178122160092,0.889114927513498,0.901900698537815,0.90571777168352,0.892649902938352,0.883619617298934,0.889553357151107,0.878545310082101,0.610320165426098,0.553470905603278,0.544236925282833,0.611109716226334
"X1W03",0.662448370651244,0.650442621555952,0.645987167558956,0.660490323710627,0.765016438311256,0.769572176578979,0.770354703785082,0.777745665305341,0.751457573548964,0.751495006782744,0.727750120210507,0.734207817075463,0.723444204630845,0.683531460288468,0.295920170646869,0.198315891718951,0,0.24413499631275,0.649683233315139,0.668215126183825,0.618637900111298,0.645396457584157,0.792857688205533,0.795405198149942,0.805741758608189,0.781593155168354,0.748937087106864,0.766056486428129,0.764771093919465,0.716232333564196,0.719154158963493,0.759573659489996,0.689799038827838,0.510650720038067,0.470312110584826,0.551467743879327,0.478174386147438,0.673013228045005,0.721381920695604,0.763736808682777,0.751344078007812,0.802997516613939,0.784716815786586,0.825963924151583,0.841178392477812,0.880449883353394,0.820779295847622,0.885364710040038,0.850171591713486,0.810088190250927,0.870956678937951,0.822416999069354,0.575571712413967,0.605263437590539,0.714030494521529,0.499360066615328,0.627456249452382,0.607725741274713,0.696571994173275,0.783702730051112,0.782760391255053,0.793670074889643,0.783156345374654,0.872898125663788,0.845198782303938,0.883637019287004,0.775746186315581,0.808868065501013,0.768631754653767,0.865766733826089,0.737441819526178,0.373238196474307,0.322303872333656,0.37230977700419,0.322411270856311,0.804563068439657,0.751124078136291,0.7864385805647,0.795971635994857,0.808017398930946,0.793994874170691,0.911502566770849,0.891795067392,0.906878354408336,0.90530399941383,0.885304558777832,0.882066792753709,0.8881242815486,0.878658009367412,0.614808472715552,0.568689048669984,0.559132917073132,0.61561235713639
"X1W04",0.682258276488264,0.664949816801705,0.674587689596592,0.679308999371596,0.768019103752155,0.773953885425735,0.776641359151252,0.803319884413092,0.768276375756828,0.785491203843452,0.745418808831317,0.767377975933449,0.748235048819557,0.707821006254639,0.231537430748542,0.230306884005633,0.24413499631275,0,0.680403603095133,0.686471956548688,0.664426273888352,0.686860522558821,0.823385157150775,0.810298907178478,0.819489930362278,0.800707971060697,0.775004338653299,0.777945676833111,0.780353595405457,0.714697402408177,0.72983804498704,0.742311378548252,0.700812707931802,0.527067295981808,0.50592803237726,0.561624838695217,0.486745141761427,0.70569702431649,0.716717814205018,0.791550164266736,0.756638028107178,0.806018462534836,0.8008872776028,0.832447077112397,0.841677349326012,0.889159457281745,0.841457480068621,0.894683365821306,0.853986958965192,0.810370804900533,0.86620814168306,0.821000063028125,0.573600320194815,0.599052836492728,0.685102015031316,0.530775370034061,0.669595133657489,0.650661473635119,0.709909647525203,0.781633604008728,0.773168350592679,0.79259145008117,0.765669166483311,0.87976919821902,0.839627117315258,0.890755276329833,0.792664518099008,0.827843578404537,0.801473236564724,0.87196389415438,0.757217500093103,0.344294911962731,0.29752069821341,0.388729305115052,0.341096971154017,0.8109895367304,0.767402406401449,0.783110483019126,0.805780929492607,0.804637799408495,0.800388304205413,0.922615412361556,0.901477119750811,0.911932171515574,0.913305526112267,0.8950938396104,0.894973197652135,0.873092922158248,0.89464996495458,0.602799058217245,0.559027098286229,0.568747575215175,0.609122716065663
"X2D01",0.356433340198456,0.380723516886984,0.446227362828908,0.427838727115335,0.761098753597557,0.800132152318366,0.787645887252749,0.942741117722045,0.88826571003989,0.939588180309365,0.845810146434975,0.932814748435864,0.922569981053352,0.831507429938431,0.70109148964634,0.608038257725537,0.649683233315139,0.680403603095133,0,0.412458711194494,0.274545124105376,0.289008305211386,0.691024233346743,0.75846423188907,0.734120158810708,0.727892267928343,0.813623798477489,0.88842437726105,0.83401308586168,0.800845805540468,0.813183229079365,0.774252280114973,0.808541286937416,0.606397647208435,0.578574959450348,0.595691380246618,0.603596068976175,0.519931948069887,0.62691738932155,0.661983051786405,0.565248187559614,0.74557800517272,0.745641318713928,0.833114520875153,0.787810422887827,0.961024258532712,0.916364774854143,0.969478701530727,0.952207008355049,0.908476638357772,0.959955137350196,0.933211272163487,0.621826804297223,0.667561731726377,0.772817702910987,0.635339586005162,0.352199746846379,0.430111930386709,0.563542314348226,0.810888842491356,0.855600154955766,0.816243181076779,0.846852615560976,0.965554559869592,0.95185936351588,0.975996129657925,0.931180749959933,0.948171161923039,0.945392311064411,0.961143113689784,0.899069257871232,0.682408578676715,0.707642479739687,0.621249352668494,0.59489518676549,0.657844477884018,0.634572152636142,0.657332090119976,0.709437284576148,0.767778803272006,0.793910915013047,0.977267345111284,0.973795539701789,0.963920231716114,0.976745788048554,0.976364943134095,0.977995937536465,0.973918722370848,0.974872566038917,0.69949839039636,0.656749191452783,0.659743095696211,0.676249584619953
"X2D02",0.415919339000337,0.408337116651023,0.46587577950183,0.458022432631131,0.800945590383664,0.79898039074916,0.795337377859097,0.929627197786972,0.881393022402328,0.918683456555419,0.841973256660541,0.911005640010078,0.89808889808567,0.805154036443229,0.688754999408683,0.652812130653207,0.668215126183825,0.686471956548688,0.412458711194494,0,0.338693578873105,0.393735145361879,0.740472084188704,0.773258996410755,0.809473097860243,0.739455338549563,0.820513066389228,0.867343490600525,0.852627966094454,0.828509582686815,0.833699843798726,0.825224598833783,0.776756681574239,0.668032144803842,0.668187874352882,0.633538431201109,0.632975216005642,0.475970582978542,0.546405613547183,0.620173229844673,0.473434075155443,0.748735064971482,0.771582627525174,0.837294537763257,0.78380427185246,0.951756567640508,0.89587250844643,0.960578598711974,0.940926519431782,0.902131535891474,0.953703520940504,0.921626503669707,0.56157386926337,0.612945103225312,0.730992286042705,0.636324393226079,0.416560436859542,0.418032524692718,0.430617778082649,0.808421382592716,0.840607740605874,0.820128779671427,0.845335873304009,0.958432389818698,0.941039325122528,0.960332992264364,0.908723895664085,0.929905960076593,0.920618526034549,0.954919781053924,0.880652928033221,0.630822232895482,0.659075841021092,0.612544684082709,0.633004415121233,0.579389061626868,0.583104447450726,0.549341458103972,0.619102114080033,0.790576546643548,0.775264904065954,0.974393890421991,0.965822492779941,0.956635887146214,0.976064646145987,0.968696282083942,0.973048880485758,0.970287618071738,0.96929522364362,0.62895503539553,0.62400701466594,0.623561686619039,0.597371045661527
"X2D03",0.350880282936664,0.348616391786019,0.407745514056558,0.368844149326975,0.753373833023787,0.807378144588789,0.795820096188279,0.921679249705532,0.873871234911915,0.914147020836497,0.830195051635592,0.906875586406821,0.89803706591054,0.80335549347733,0.660541043959429,0.602079485819316,0.618637900111298,0.664426273888352,0.274545124105376,0.338693578873105,0,0.304078787375624,0.698814996536572,0.820171682987833,0.753384635282083,0.780377299211529,0.831617466921636,0.889041381468653,0.851028475564029,0.817538911989548,0.807967708980626,0.790425026407383,0.813838837107212,0.650438952593007,0.634454911112544,0.659957152725002,0.630234844116169,0.466743462993303,0.570991627102505,0.60602349073763,0.492774705399429,0.748749788086935,0.750175275720046,0.832161550587067,0.783600014311221,0.954636483709395,0.899285085907196,0.962585284210226,0.942002809899298,0.901685613493858,0.953824500622473,0.922932191147458,0.583184930449369,0.629060954543539,0.744004894281282,0.611667366557863,0.304734457504242,0.377829776776268,0.486833723718308,0.811673175434568,0.844080821276156,0.816587466100074,0.840765686421724,0.959743422105478,0.943874358212311,0.965940470582471,0.915679665380169,0.932751788781273,0.931007799369943,0.956159533951249,0.88965242361936,0.627915565063814,0.66295508448998,0.601476689250763,0.598561148355139,0.604739839603501,0.582804273677043,0.57553308143944,0.657314504244121,0.770113547307035,0.783432238000764,0.977154932562155,0.966577961516514,0.961044934552541,0.976596395945434,0.972033251916022,0.975993118397077,0.973158048467895,0.970919322787233,0.645840743047807,0.622391138355763,0.618719002818662,0.61598110951094
"X2D04",0.340257530940532,0.366588928719274,0.41654140015065,0.396514020931645,0.775918664313768,0.806520338323332,0.79855571736271,0.935565538685093,0.882503523791269,0.932673972312419,0.841971246392307,0.924711752565293,0.915417794766536,0.822886111730887,0.706577092755131,0.621074507316986,0.645396457584157,0.686860522558821,0.289008305211386,0.393735145361879,0.304078787375624,0,0.699005031313894,0.801349500407073,0.755587740345459,0.760330677578702,0.831755755454006,0.889971631048233,0.807696945009649,0.822704773394283,0.816421107917055,0.799509782392329,0.82988259806347,0.606820563204025,0.625867789773613,0.623313934701773,0.625661990130609,0.469486192209178,0.566385537521297,0.618635887065126,0.522318317367131,0.747069815866909,0.738165384323407,0.824661010265099,0.775900994004599,0.953830050162928,0.909832101495317,0.964716506246056,0.947377247493308,0.903393470691966,0.955451647450876,0.928494633926287,0.56593391527218,0.607921967714146,0.721566273775023,0.592580049243981,0.340053132317743,0.381309625240446,0.50140705611551,0.815245680463027,0.859742801752255,0.82466767889454,0.853643257911439,0.958086002529506,0.943398041098239,0.970536901830904,0.924118825339554,0.937416734488225,0.940804426366103,0.954594075825581,0.897400725827532,0.638982545455921,0.665731043755252,0.599343403983515,0.586273246489613,0.605882117212606,0.581491431241518,0.603930803523468,0.657293999480908,0.768140418732778,0.784513085186946,0.975099870943222,0.966762945642411,0.959088087619627,0.973284167294969,0.969350102024767,0.973142993855064,0.969413618088222,0.968172447039577,0.644539124041415,0.609366896404758,0.601146402055084,0.619601032766528
"X2G01",0.758814333525986,0.730125162310819,0.708373649744947,0.730665186376916,0.74708842958962,0.746203795149495,0.731353874830447,0.937406523589387,0.914195755605839,0.914351226035716,0.874396608876591,0.908038975001659,0.904185986247584,0.870672637889937,0.834598752548275,0.797723933367238,0.792857688205533,0.823385157150775,0.691024233346743,0.740472084188704,0.698814996536572,0.699005031313894,0,0.661268507897059,0.565895147337787,0.605226313590878,0.780168638664572,0.875963490177431,0.795138081990139,0.843081043576705,0.826830528953715,0.785274076558423,0.830220253356812,0.761621209351527,0.759591454586125,0.78317495718185,0.760847977872407,0.783690542085884,0.810443044954762,0.862428600602177,0.815204070278659,0.697135175883273,0.70532707831235,0.764072686408346,0.740303446172706,0.963603928197938,0.922633199964935,0.967182548439268,0.951840803931157,0.932823496883561,0.96452352823306,0.943466000112446,0.814001642107314,0.858261163001464,0.897395790291063,0.804157125611524,0.717740164129742,0.724573639834136,0.760193201317311,0.758904427491156,0.79131415251346,0.754354305206591,0.781456478622933,0.968118933040391,0.965784134122749,0.968514691566887,0.940919954923142,0.948375941439787,0.939996945197252,0.968881205683478,0.916713903921307,0.838075253347727,0.863359375379821,0.798993363179824,0.827387573684306,0.867766095570581,0.848342123283228,0.840089103212595,0.875089212900713,0.704713273110736,0.756051344604937,0.97967084656537,0.973534309714259,0.969887953991803,0.97887280248434,0.974407765125753,0.979215076791233,0.977828979635738,0.975151723011373,0.851637204857056,0.829422781461302,0.85128711781051,0.856472595535227
