"","X1D01","X1D02","X1D04","X1G01","X1G02","X1G03","X1G04","X1P02","X1P03","X1P04","X1S01","X1S02","X1S03","X1S04","X1W01","X1W02","X1W03","X1W04","X2D01","X2D02","X2D04","X2G01","X2G02","X2G03","X2G04","X2P01","X2P02","X2P04","X2S01","X2S02","X2S04","X2W01","X2W02","X2W04","X3D01","X3D02","X3D03","X3D04","X3G01","X3G02","X3G03","X3G04","X3P01","X3P02","X3P03","X3P04","X3S01","X3S02","X3S03","X3W01","X3W02","X3W04","X4D01","X4D02","X4D03","X4D04","X4G01","X4G02","X4G03","X4G04","X4P01","X4P02","X4P03","X4P04","X4S01","X4S02","X4S03","X4S04","X4W01","X4W02","X4W03","X4W04","X5D01","X5D02","X5D03","X5D04","X5G01","X5G02","X5G03","X5G04","X5P02","X5P03","X5P04","X5S01","X5S02","X5S04","X5W01","X5W02","X5W03","X5W04"
"X1D01",0,0.776193470477594,0.274707227625182,0.865019347227386,0.875858030081837,0.883773028971081,0.814663785103364,0.770310721578783,0.836692761684294,0.763750791644852,0.815338257927978,0.838382786659772,0.813499026743468,0.782639238054624,0.65660219183541,0.656280457921522,0.67749503202691,0.673238106113007,0.589581152763935,0.546916863362753,0.577150112409383,0.94805960884451,0.931734432333768,0.92876356705568,0.955856048266134,0.92560025061693,0.91489462104153,0.936621319786518,0.920703693208386,0.919249468697904,0.92969698907185,0.810245432104572,0.780949935243814,0.815042522377452,0.666317868434123,0.601429184841312,0.671714986000085,0.717041187345274,0.893792768286993,0.922293985337765,0.922706874140765,0.92048399218896,0.962845677327241,0.952297366380375,0.975542088197084,0.944722258727965,0.951514113721219,0.962335170059846,0.963048886293164,0.838023519372101,0.806400181605835,0.808704588991184,0.517657205490274,0.402627653719479,0.453685787089345,0.457092995021314,0.91204522919365,0.911196310411864,0.906441045136064,0.918398159044222,0.912509186128141,0.80187768350114,0.917878903937737,0.912442971442119,0.921208228332595,0.896782745489327,0.937881853356849,0.929274371218969,0.79352586083699,0.740614272440892,0.824054444534424,0.340656734166709,0.697523877827124,0.730300683412792,0.655398437464431,0.854659561008122,0.912450622120763,0.924628434216511,0.886069742205472,0.896103801664334,0.95488493361581,0.972942097629602,0.973149424542028,0.96469225771995,0.981100130958024,0.963581994095751,0.825879918544287,0.857838773852844,0.850933798808063,0.866581565490805
"X1D02",0.776193470477594,0,0.75531751311123,0.759140143423096,0.789026795762731,0.805842280265043,0.749150082629728,0.701169743320181,0.752380424508513,0.749123258255424,0.72078574605195,0.722245311013146,0.728262594866601,0.735601409959621,0.460098210242617,0.520728834146777,0.585459636868629,0.44872948924273,0.731267812719957,0.727478227789544,0.752431135771147,0.880301877543873,0.855213796055684,0.812125422484832,0.894457944622917,0.768645481651989,0.75641984591054,0.771353537172655,0.787080642790706,0.787945624795391,0.828697274747002,0.448803152197738,0.439768707198415,0.493883340349864,0.689999824115566,0.69010213588675,0.697372747771951,0.719429827950116,0.771675794540301,0.754908917637427,0.713089293004383,0.711821555046288,0.894004117059902,0.890956640210328,0.922290101315291,0.873667055382547,0.874133367182049,0.89029852761976,0.903844659421873,0.520076465956395,0.376924989368729,0.378475061019252,0.730206346732463,0.684452804309203,0.698501629230559,0.660307056962117,0.70756923067853,0.756051262771675,0.685708522115998,0.68527207169588,0.746421328364594,0.780527570037734,0.796282061997374,0.802361845704895,0.81476746299141,0.800021496304463,0.806693808254261,0.822940381204883,0.291643201806236,0.350137723777633,0.431610129645885,0.728979754058331,0.697396790022042,0.719714459000129,0.690678994745508,0.801404287693005,0.850449707892812,0.814446021363929,0.715298448936854,0.744868406330574,0.926904762942389,0.910085040135758,0.922887500039943,0.903209065851522,0.927120701928017,0.918860596151061,0.491598326137849,0.499993317520719,0.47288569833021,0.518344145419562
"X1D04",0.274707227625182,0.75531751311123,0,0.842054123138624,0.854558209983002,0.873820526829087,0.771667632175046,0.742766401056346,0.826458430687212,0.768670691291403,0.792227348340172,0.834492994881267,0.805062463432592,0.775879360941274,0.628268143270213,0.610662071748052,0.625086884337257,0.639463572483501,0.538772698377888,0.514878776697229,0.55997239178196,0.938625514305951,0.93073271488775,0.906940646977368,0.943841123790981,0.897822449011642,0.884333620384223,0.907858682184169,0.91703274861364,0.886908369435027,0.906352266773405,0.790329539803847,0.767743789157767,0.791609918358182,0.675066164351704,0.631405784963799,0.657928038913776,0.69910061533302,0.892706222287607,0.920762859123237,0.915771762885969,0.917619128869632,0.961074262234827,0.953731569978676,0.975598319831242,0.943148225824764,0.94931408742038,0.961981463143077,0.96026592204937,0.833901079363728,0.791807809266508,0.797250415103886,0.548828885938598,0.392099474276554,0.489115591755491,0.520207524168527,0.904981414477021,0.893087971257973,0.903701707257696,0.916508376792068,0.921730735298283,0.817345915078547,0.915682473297224,0.916913819590149,0.920471221542581,0.89065308000456,0.933369478744834,0.93181791441558,0.780152501429608,0.707080922209602,0.820488233543812,0.356837353595076,0.692874409758445,0.72171249080443,0.654735515126722,0.852673227239656,0.908199682291438,0.923372372191787,0.876709416336062,0.893921534191909,0.955795766644821,0.970067943038907,0.971986304430888,0.962044128970547,0.97947932500457,0.96525450322646,0.82166129170427,0.833847936471821,0.842991880848241,0.8567793808885
"X1G01",0.865019347227386,0.759140143423096,0.842054123138624,0,0.319271959441961,0.456502824525382,0.459903999064052,0.783417173222445,0.768526153982648,0.753562704908946,0.755434381116067,0.744335566282536,0.781992444532318,0.770933061921487,0.791040387723834,0.75172881976941,0.776151600299969,0.771225943699892,0.746901070226148,0.761222813103694,0.78179508713066,0.657766419795774,0.667942293418096,0.583050494469926,0.74895774887319,0.692061886380923,0.774104344172863,0.781343026851077,0.745240714608477,0.7749404948577,0.811882663393078,0.736257198408993,0.75256452547921,0.779232489759318,0.85727372189333,0.869740011846834,0.864796657282298,0.87581609479033,0.660946870921095,0.704748241214386,0.684965785817951,0.716279633005707,0.948598845645952,0.958955817216727,0.978070236737989,0.945483086412079,0.944490991244101,0.940904986320784,0.955847086966973,0.850308780096892,0.797805475229171,0.821516726867888,0.892259019280176,0.81912027489193,0.84491961892238,0.847004017027744,0.516288462795359,0.494615422079197,0.546221208137314,0.660924881598026,0.879766513548312,0.839949185109359,0.879006725097634,0.878393230855582,0.8563237542082,0.824164289749164,0.912859111381382,0.924810032768647,0.773458817918333,0.727531778971261,0.846067436547225,0.839099745073084,0.870258893584748,0.876719464053679,0.863608135016627,0.918324814278124,0.661640969571316,0.702123499001127,0.646201001754638,0.749543365012098,0.950176354424667,0.968692223423411,0.970355057308829,0.951262232516707,0.973611793449074,0.968496128696532,0.87049312056664,0.834051593174834,0.858354751935201,0.860956124856624
"X1G02",0.875858030081837,0.789026795762731,0.854558209983002,0.319271959441961,0,0.324457272994977,0.352615355804052,0.782887464162737,0.707190050857611,0.674247100773037,0.692196356578056,0.683818198478607,0.764755195955208,0.709483759660186,0.812661635966036,0.776154548173712,0.796854166490996,0.784587335821234,0.760618124436446,0.784379307019468,0.806470618696919,0.686187097484956,0.702745834686391,0.610154726628849,0.767849929987064,0.687765246768556,0.781471812299424,0.789991599072109,0.750843681077927,0.793428225860074,0.806141927508349,0.762438398686886,0.787101246945436,0.793494517865682,0.890029432658454,0.886696980842166,0.890758338874036,0.890219335753502,0.642122858927358,0.724343734769104,0.711771151713403,0.726442260165947,0.94982969429307,0.95242521030879,0.972656109965707,0.940317050804018,0.942828510112533,0.940535107640539,0.948154137594111,0.872229108021409,0.822929020981217,0.848827560725071,0.894982709770424,0.824172960286358,0.850646890255873,0.843903939446568,0.513396609006731,0.472799790098181,0.546058282706145,0.675532723854941,0.89959438554075,0.83261529040128,0.87151022797693,0.876251551846667,0.836414113359172,0.76640050507565,0.902854096780614,0.913891153555774,0.798193029064535,0.751597534781392,0.868737464249921,0.842348611201491,0.899262509904191,0.881805601718273,0.885689375797104,0.914833460158566,0.620746550403046,0.712106994507854,0.643442364237488,0.749460140600056,0.943625696915414,0.964814861196923,0.964749839405156,0.948434051214948,0.968489401719064,0.9625359289105,0.890024686301359,0.855658790281419,0.881802614181011,0.881606019969435
"X1G03",0.883773028971081,0.805842280265043,0.873820526829087,0.456502824525382,0.324457272994977,0,0.320287065696677,0.784893352814003,0.686523042556694,0.62057063806817,0.683692013485409,0.685336757692258,0.753183445137528,0.709203996526167,0.833074493464965,0.792823280358549,0.823155358710049,0.807356606311979,0.816963097660274,0.815181911550737,0.859511351458506,0.726201665081958,0.750108072017403,0.687652759695352,0.763195323356633,0.71315987317157,0.798190053685935,0.815474756492819,0.76601045020712,0.819285064655395,0.846861447797527,0.78191048166474,0.806832033987629,0.811886850499225,0.916184867684096,0.897966740977814,0.918110332002887,0.915032274592776,0.65748136902893,0.75266011057081,0.749062681645483,0.765256606324487,0.95177836528777,0.947707304492261,0.971870170722672,0.941901112530223,0.946387721365585,0.939038250348267,0.948792376385503,0.887758092546013,0.833833748037569,0.870669967969066,0.889514874615898,0.851767437043043,0.870951263403194,0.857160191179063,0.585140419295708,0.586573962352794,0.595216599479509,0.685140783835793,0.908818943112326,0.828779990349711,0.854011099058589,0.870116744627091,0.821975357342005,0.74117891132155,0.897204290460607,0.918910909904686,0.812053580943078,0.762991172054939,0.873052253838994,0.848396612413121,0.909279417465099,0.884439108503138,0.891812150311684,0.91608952400274,0.654562249837814,0.744455719008233,0.676330603078589,0.784633282238587,0.95267754262196,0.966367358799364,0.960139448371788,0.951325836766524,0.97017023790176,0.964636864989336,0.891883539738564,0.880932997003495,0.877858853913096,0.882367977845572
"X1G04",0.814663785103364,0.749150082629728,0.771667632175046,0.459903999064052,0.352615355804052,0.320287065696677,0,0.775310017331015,0.679596591209972,0.616183972681235,0.653645338840923,0.686913137460278,0.737811348111809,0.671773394869689,0.761747143507493,0.69688221010872,0.709435832713166,0.739163448216822,0.701646726391478,0.703683005046851,0.775568161188007,0.739527890678958,0.739757181397987,0.652862234194946,0.787683589978065,0.711017819309567,0.751348291847048,0.764889216047854,0.811531164726566,0.789680105353109,0.837153622710106,0.712444048631088,0.7405592260032,0.747408017004843,0.85963630911421,0.860554526184572,0.821818145142608,0.868766232850625,0.677625159158791,0.76750660975076,0.762476565121545,0.785046200413896,0.959405074923409,0.961832271560575,0.977032790673081,0.94540536735259,0.952078828852231,0.945152960259749,0.955709934249909,0.877276199710127,0.811022366926655,0.836611321759346,0.849574900606477,0.767747687055671,0.810915359879762,0.801323625578669,0.599655838380854,0.571973219700519,0.617650975244166,0.7245729679402,0.912801618036417,0.824519759858832,0.869237896345489,0.880849867484187,0.830379397337176,0.743534758028701,0.906152286039346,0.920999023394695,0.760605409217018,0.691541332023188,0.864353100349929,0.778578061057688,0.873519123820238,0.861416036747906,0.858010227652053,0.912040388115835,0.67316011052756,0.767781185075843,0.694307901682402,0.807609794914583,0.956320150609034,0.972165343141292,0.967962701037358,0.958261364020132,0.977194481596373,0.969098438707083,0.880483393674583,0.862396204781217,0.884475314442264,0.89270654857773
"X1P02",0.770310721578783,0.701169743320181,0.742766401056346,0.783417173222445,0.782887464162737,0.784893352814003,0.775310017331015,0,0.376830786062593,0.536205935479721,0.534303480536781,0.428150868342737,0.424170004212967,0.395326080710761,0.689249129381613,0.659045281550878,0.698611622755438,0.668678618424431,0.795075347779985,0.779557803481965,0.798589052037207,0.901368122345163,0.894191129068671,0.868413966035789,0.907074002989978,0.638149805419848,0.60743115269035,0.724385322058367,0.76141575906684,0.688885573086026,0.772615282248122,0.748483483613541,0.703814277061235,0.747367752291631,0.777209961467955,0.787164283068928,0.797438427358739,0.826220672558626,0.84837102669089,0.846254320062007,0.867526614223536,0.859458912605169,0.723700330677537,0.714779621168638,0.795359344644077,0.730766223727912,0.754710007606307,0.733489889322926,0.757348696606521,0.808586830028867,0.743333486204257,0.721226214714528,0.811509204243061,0.737705535654562,0.774677824325535,0.762102857713774,0.81778368113014,0.816532631562159,0.816279669350453,0.854226248729328,0.596932222300873,0.510995125565737,0.609209204910021,0.589199587815298,0.579465720774116,0.585279875163423,0.628518100243962,0.657622980683397,0.721756291913662,0.664021462676207,0.814036124889967,0.759270818910385,0.835668742238511,0.830116189091978,0.813471879690669,0.879073291622563,0.841524929948194,0.859920921865269,0.816339242801589,0.844577755234372,0.801887881091165,0.785789895513918,0.79356168901492,0.77763528814872,0.808968639277139,0.815211582606194,0.828467490109132,0.810442294105699,0.85054414635988,0.821939367166825
"X1P03",0.836692761684294,0.752380424508513,0.826458430687212,0.768526153982648,0.707190050857611,0.686523042556694,0.679596591209972,0.376830786062593,0,0.38658360253284,0.4646844145832,0.290764959704938,0.380667041681209,0.326467332182987,0.774561529230173,0.742705427396247,0.76541133994823,0.729139937109222,0.850400982632901,0.837570308479453,0.866058396184903,0.909575990965091,0.910460476779871,0.861285339456947,0.907406651110465,0.639048696980385,0.598692996185025,0.72541638473296,0.784255574901399,0.706824476870379,0.785469578210992,0.774599913656419,0.751477818988828,0.781735527877241,0.818236577935699,0.841347502224852,0.836286147938263,0.855756840424131,0.802401025933976,0.868378615296632,0.886320750917363,0.894385917804234,0.744860933387334,0.731583373874209,0.817724618608419,0.741609996966692,0.768615381864639,0.749642831433344,0.747153102084572,0.856223018695923,0.787324879063715,0.756015623504479,0.834297415387774,0.822454283091285,0.832707362296387,0.799460577563518,0.802982649546065,0.796508582861146,0.817404388488903,0.860000439217454,0.589339306245137,0.463204343968845,0.5910079899445,0.584606124304748,0.537620854376027,0.476784193551331,0.620312983285854,0.596710646744523,0.73064624420939,0.730168370982425,0.837158293002784,0.798375948267791,0.858595650758183,0.861464673246885,0.855043870759445,0.895927958927955,0.842749921034336,0.88143837065537,0.828249497169224,0.875767188913655,0.789134646059674,0.800006965063109,0.797942674103494,0.782527198362299,0.800097509473964,0.819006624630956,0.840606159091049,0.842545857208647,0.880189376822707,0.843133205646648
"X1P04",0.763750791644852,0.749123258255424,0.768670691291403,0.753562704908946,0.674247100773037,0.62057063806817,0.616183972681235,0.536205935479721,0.38658360253284,0,0.527553715625983,0.444884535757041,0.490147042865383,0.395544441773528,0.738644941364959,0.705080157680102,0.729499450733924,0.709163113946926,0.81445282316523,0.802740083793861,0.82560560520896,0.915598774185414,0.919035779985412,0.848508560787131,0.910307712117649,0.64963310459015,0.689656013170071,0.781434242019708,0.828993599891903,0.758026296981606,0.828744556764971,0.77752189876985,0.75840633647837,0.781351448480854,0.815922829139833,0.805565067702499,0.821410111735062,0.839148901691556,0.774226509898629,0.862593586605796,0.885352287338479,0.897917629004227,0.851121382649492,0.857788100276731,0.89215918810293,0.83255664268197,0.856652898679486,0.855235966000614,0.852631058497737,0.856286983990601,0.783664264077721,0.757928621853639,0.772172835072422,0.771363206932645,0.780681101620557,0.7430433088524,0.79434707494493,0.799283666648184,0.80009111657936,0.849356707047149,0.744128199197535,0.57928927037349,0.705595660395002,0.724518935906498,0.679058373246227,0.604306479877486,0.744623834580228,0.771076739315954,0.71986571113266,0.709033381311289,0.829471039386966,0.73478431371493,0.818584644487239,0.825900138013175,0.824229377682679,0.873134348852956,0.821415711159975,0.873324974485265,0.820119388264476,0.866696457250833,0.871296775891389,0.877612299277609,0.883241426407638,0.861946368853402,0.882500076061654,0.88335258942119,0.831172371349922,0.837254632670442,0.865632992851882,0.83555958242036
"X1S01",0.815338257927978,0.72078574605195,0.792227348340172,0.755434381116067,0.692196356578056,0.683692013485409,0.653645338840923,0.534303480536781,0.4646844145832,0.527553715625983,0,0.382655157270499,0.3657150315955,0.435371260534654,0.752563330101806,0.719027131056871,0.745911830315761,0.709282675664922,0.835665571374648,0.828548223930417,0.849714047951412,0.904672105320912,0.898007247004831,0.864439542155592,0.902976173701993,0.64938769781831,0.554338448574655,0.711959970600652,0.751303336092736,0.662358867282067,0.659541768924351,0.771560013107644,0.753198154162017,0.777238910161308,0.816505379075608,0.832192690142282,0.827620865281093,0.848072618270299,0.791813565603806,0.85458168004769,0.866189438940781,0.884061753560729,0.744025623166564,0.784601813655437,0.818398470486816,0.73836611850073,0.698387827813517,0.735586396015737,0.784070776291455,0.830983636225074,0.765227902689441,0.730119117084467,0.847408987196363,0.792381371572294,0.817821638592017,0.796685328765479,0.799825148658966,0.810988052741566,0.803512486936313,0.845214520855915,0.662093541691405,0.582996445870958,0.63906810880244,0.653632767414379,0.564764344609535,0.464948389720311,0.580374147299446,0.628399801443979,0.729563418113666,0.706351612722972,0.818630484955902,0.79805057820632,0.844892632018278,0.834982322120152,0.834376700757338,0.886677554517962,0.839154209449405,0.875512028029756,0.823340988052471,0.866103583867969,0.819346600874962,0.730720515842838,0.794037527932973,0.757330729262788,0.769243528770865,0.794618231653293,0.828492644622046,0.81416199580049,0.856316505161008,0.825979163990354
"X1S02",0.838382786659772,0.722245311013146,0.834492994881267,0.744335566282536,0.683818198478607,0.685336757692258,0.686913137460278,0.428150868342737,0.290764959704938,0.444884535757041,0.382655157270499,0,0.292816339015502,0.32157243084256,0.753291839407913,0.720740684751751,0.741609569224399,0.709744203988609,0.846328411744607,0.8429388629441,0.882746276839015,0.885361647682084,0.872306193820802,0.83687146658717,0.889117284069233,0.633011213987018,0.551824293536347,0.714406856363972,0.730399591800612,0.64083989436419,0.721716287102305,0.749521484602144,0.74139302425451,0.763101624253363,0.831352409516228,0.842425922046651,0.849610884334825,0.867554063710436,0.774036595100219,0.840491652125305,0.866150667083419,0.87008578711172,0.711436940555611,0.719855602424305,0.791684542604993,0.712832615217891,0.694238051145999,0.701779191591155,0.723495486327174,0.828423860806423,0.769818014046181,0.732920174512013,0.851416653981826,0.831666027054912,0.84577702408279,0.812319545767772,0.790348033731675,0.782612298636442,0.79900746383121,0.84290636340168,0.555686053516723,0.47414654138614,0.586837573117631,0.564481053843241,0.480098162431369,0.390706607243305,0.521032713254535,0.56013879354197,0.726430670757297,0.698619788975687,0.814044290669413,0.821247778328843,0.853826283698651,0.850798466786213,0.851214633163826,0.880407698012124,0.834865688263005,0.855836929515984,0.816952079860627,0.852581658203642,0.791538679545393,0.75125701425713,0.777697930000503,0.72438058697646,0.751878496540712,0.771650767561623,0.822271110145314,0.821881426591127,0.848264070973851,0.811482210304725
"X1S03",0.813499026743468,0.728262594866601,0.805062463432592,0.781992444532318,0.764755195955208,0.753183445137528,0.737811348111809,0.424170004212967,0.380667041681209,0.490147042865383,0.3657150315955,0.292816339015502,0,0.370340036344352,0.752169816524203,0.705079170469183,0.747315267425642,0.696249793613955,0.837713128748581,0.825618710277971,0.85397085221371,0.90256418569991,0.902970207248591,0.876808286901203,0.907170883293262,0.665952158314852,0.559338319198619,0.748924912993704,0.764995489247167,0.667452338952552,0.707447242020738,0.779790796082261,0.747852674368292,0.78469548439215,0.821207200710836,0.808999633781687,0.826463023959854,0.867883978268176,0.83894264606967,0.859731304895114,0.89761115912402,0.880272818508448,0.731722643838591,0.738369361907682,0.813061919134561,0.729824560286606,0.711578987461886,0.715718506197345,0.742450765427151,0.834374071423107,0.780755641924702,0.738955907687148,0.822660782557913,0.798331229074317,0.800155371348328,0.78343879291688,0.815573483033326,0.816263471347351,0.81385816315167,0.864963387490422,0.591590732838867,0.494090249954294,0.594771310002375,0.590641590942677,0.502740343946775,0.451510449088759,0.538894849755969,0.594556194038562,0.742838675081807,0.701136067885622,0.820371650057444,0.798283693871524,0.845316415820727,0.828696672186206,0.82219936093585,0.885108342891641,0.837430742005419,0.875334906541693,0.829434399398122,0.868201447303043,0.820781693381786,0.749343532748432,0.797440752608181,0.756379008781803,0.774324325416985,0.794934532904936,0.813218151093006,0.825615227562273,0.85257711573783,0.809406466964129
"X1S04",0.782639238054624,0.735601409959621,0.775879360941274,0.770933061921487,0.709483759660186,0.709203996526167,0.671773394869689,0.395326080710761,0.326467332182987,0.395544441773528,0.435371260534654,0.32157243084256,0.370340036344352,0,0.712900060228915,0.645277374733491,0.695459399969619,0.670634961610728,0.846503792559499,0.822201430569147,0.850042179023467,0.921483102553386,0.914426171709157,0.863302858524138,0.927820592318939,0.644936768644839,0.601061534116202,0.738496885642148,0.777403008032258,0.684494771080516,0.787668672852172,0.758036908333094,0.746105466914413,0.764925252418807,0.800094729044812,0.828667492805888,0.83064633502708,0.848936929863474,0.785496409439334,0.86295499552578,0.879620672657762,0.890759354920722,0.761049430742811,0.74586360506524,0.816414375010598,0.737405834369134,0.745354898487709,0.747660149270893,0.749176024393867,0.839240232001005,0.776935141577978,0.744744795332422,0.828920222967035,0.779483055300023,0.808274137715718,0.775570455144993,0.804062126388828,0.80290253997234,0.814649909214212,0.855389891479589,0.617895045667038,0.497864231545023,0.621251692691719,0.609332175110727,0.5493255624917,0.467428294937304,0.616606735394944,0.613256297281713,0.727308633898143,0.678136308333424,0.827451955267463,0.775379515676329,0.840906168591667,0.841601750245938,0.838984557935426,0.883172901813995,0.843895066763295,0.875699824891826,0.828220692092418,0.868241484511722,0.823564889467835,0.791322072183576,0.797710469448258,0.774349327932104,0.804515228216351,0.815901231727412,0.837157723653029,0.835511603626127,0.865647465057413,0.835637137887633
"X1W01",0.65660219183541,0.460098210242617,0.628268143270213,0.791040387723834,0.812661635966036,0.833074493464965,0.761747143507493,0.689249129381613,0.774561529230173,0.738644941364959,0.752563330101806,0.753291839407913,0.752169816524203,0.712900060228915,0,0.375358325918547,0.410535698705845,0.334562569782163,0.727642747341856,0.693525725097611,0.731394359417324,0.912026806798802,0.890713698423531,0.846065180574559,0.92556189326965,0.833296974956172,0.830647376706113,0.846320985597036,0.853819460390404,0.842306041223154,0.874059676339579,0.602661474279809,0.559660977785036,0.625846949729448,0.676998274873255,0.657441519158752,0.680103871046854,0.692919843568,0.799616349682247,0.795033146386788,0.787945675430195,0.787409501321075,0.939214760834363,0.941086469189557,0.963021430052376,0.919372150264749,0.919880952001529,0.940534123326508,0.948265857871343,0.593269668675402,0.497366403818565,0.539039351506001,0.614745842646413,0.530632736148918,0.603685441701597,0.585676451535766,0.760933983159071,0.789299796901725,0.755716981009191,0.759190447948162,0.821955292234847,0.832517349466719,0.876850920731872,0.856674772792693,0.872454256854763,0.853590598098848,0.888752588648958,0.884685665436099,0.465987360916885,0.385337656650358,0.517089559212384,0.606630318138036,0.656616682113806,0.684750840731627,0.668866502610521,0.806380748127136,0.884219664826736,0.850454416393427,0.761296231714098,0.78456751771612,0.949037778869506,0.956330097724746,0.96077257332593,0.946729919826001,0.964386982324975,0.954336729389151,0.561991475378887,0.569053088816418,0.551720672225763,0.592900706992202
"X1W02",0.656280457921522,0.520728834146777,0.610662071748052,0.75172881976941,0.776154548173712,0.792823280358549,0.69688221010872,0.659045281550878,0.742705427396247,0.705080157680102,0.719027131056871,0.720740684751751,0.705079170469183,0.645277374733491,0.375358325918547,0,0.287990250847403,0.247712555626552,0.716284239514967,0.673015114824945,0.729207859776898,0.888561129162993,0.88709419078498,0.81908988692464,0.912867935638113,0.788380038421197,0.766204087840518,0.801776182731601,0.846448436818261,0.807802815555211,0.857838505521297,0.556688157285134,0.541945104154486,0.583902006773337,0.745627553947003,0.74661112830153,0.725036983877673,0.769409890765781,0.813986536166954,0.833730562697099,0.841550995601508,0.839741574275755,0.926243984409888,0.928696822805516,0.950365742693604,0.913775756406583,0.910778190117901,0.928142585328776,0.94038335775998,0.6892692894091,0.61181955687513,0.601412874654816,0.661139481357845,0.599342058299412,0.666180036031158,0.644087230115865,0.784513393120079,0.780710032225168,0.795725317080318,0.822585508207478,0.82574615370283,0.80652420264475,0.833861898456578,0.844062526897573,0.857338882515989,0.816047001124405,0.861624776474949,0.883007901489538,0.521408706761447,0.349410889129678,0.652769438945583,0.642650755552009,0.751098234518507,0.769174442751733,0.750512708378075,0.855005075853412,0.858566138858148,0.84621892315397,0.759074387993542,0.806706865593223,0.94292998150983,0.945214636968469,0.951195527608885,0.934710468836889,0.955420519796564,0.94636308120714,0.687636206923109,0.68052035911069,0.698323418533217,0.703986119721686
"X1W03",0.67749503202691,0.585459636868629,0.625086884337257,0.776151600299969,0.796854166490996,0.823155358710049,0.709435832713166,0.698611622755438,0.76541133994823,0.729499450733924,0.745911830315761,0.741609569224399,0.747315267425642,0.695459399969619,0.410535698705845,0.287990250847403,0,0.376070227630775,0.67046837517345,0.675959410499429,0.73188854049908,0.895963609713101,0.884070181561892,0.82302300332061,0.909083130854849,0.808555028721737,0.788332008673846,0.738420824352876,0.845455725898385,0.817387419959416,0.853598615359718,0.530321737811977,0.546342523740272,0.567429905099451,0.806310235585545,0.810177200963422,0.783911099876843,0.83478823072571,0.835963686954113,0.868434849600056,0.847198739234734,0.863765897339824,0.930794502469475,0.939690736065689,0.960881466045724,0.921300847091934,0.927789062823223,0.934627628794706,0.942652986439907,0.76474997011785,0.687636289177979,0.67250227713065,0.755042938785826,0.663669782268763,0.724356860662276,0.701093794247338,0.81740484391448,0.812521464738114,0.828317556924937,0.837870405178156,0.841323120627983,0.826244131742573,0.832297093537791,0.862348686253276,0.876142127503071,0.83740660068216,0.864369452299885,0.884274772286118,0.573034103776069,0.409345088733539,0.720257763115033,0.696719323748342,0.822194820712858,0.842744155573259,0.818193310975692,0.908546896856154,0.881880438785202,0.877391280967496,0.824666764683577,0.846667134163245,0.942107987725958,0.950656294710035,0.959103538598225,0.937238188959134,0.959222279225151,0.95049960848833,0.759740662218215,0.753538247537231,0.761332713317476,0.773567414570769
"X1W04",0.673238106113007,0.44872948924273,0.639463572483501,0.771225943699892,0.784587335821234,0.807356606311979,0.739163448216822,0.668678618424431,0.729139937109222,0.709163113946926,0.709282675664922,0.709744203988609,0.696249793613955,0.670634961610728,0.334562569782163,0.247712555626552,0.376070227630775,0,0.738253734109563,0.679308798099324,0.729959406419731,0.90860124125837,0.896108470467799,0.843314765692567,0.926071036621453,0.820040989065433,0.792597374448164,0.829899787771252,0.862497153077412,0.82758544371142,0.865324431881549,0.567863781837573,0.527288192616038,0.582200133736019,0.734626075100151,0.729593355666618,0.721165804459203,0.75773174748499,0.798718003355667,0.830386370225902,0.840092868888309,0.828243507371001,0.933999247911992,0.929713778500546,0.951899749194421,0.910609933379983,0.910432973237421,0.936755323583872,0.940322386448827,0.641607435028744,0.561762460455101,0.52596310909573,0.647849021436883,0.59431263869412,0.65255140648911,0.636593742727953,0.786845332884824,0.778177145302604,0.794810676402838,0.814230794776872,0.805748558010239,0.804015074293151,0.856968110528986,0.838926352542884,0.839651673428928,0.817259451204424,0.861654670509411,0.869148952059768,0.470074737368832,0.329061986987304,0.59797653603677,0.648103033076936,0.732525321022177,0.756384766469051,0.73164018556491,0.848882015904042,0.86839140885893,0.850859659792214,0.758797551649714,0.805004182001689,0.948157303502489,0.945476142327977,0.955691629702156,0.937650507958324,0.958556157699204,0.949288535446308,0.637580181605716,0.626199066653281,0.647700711022441,0.659830410807951
"X2D01",0.589581152763935,0.731267812719957,0.538772698377888,0.746901070226148,0.760618124436446,0.816963097660274,0.701646726391478,0.795075347779985,0.850400982632901,0.81445282316523,0.835665571374648,0.846328411744607,0.837713128748581,0.846503792559499,0.727642747341856,0.716284239514967,0.67046837517345,0.738253734109563,0,0.417188973268372,0.395441007964999,0.771927044592404,0.767997435839308,0.754886850362406,0.798923249306973,0.741155803433246,0.865386789536977,0.717715905710374,0.807230694950748,0.815473644147376,0.80926374915627,0.608330085634259,0.661032600341434,0.673243939081866,0.724879688661171,0.688775938893016,0.697432544411245,0.761641481189139,0.81975027623804,0.821866406892575,0.801176057466831,0.811008487759693,0.96172510664835,0.961967446909049,0.978336622711812,0.947461546826327,0.93866907628682,0.952525419431584,0.956028455528314,0.824041465743533,0.810845707318072,0.805407855022211,0.701453590236007,0.599866716048676,0.61912638641942,0.649853226746939,0.81556248134223,0.796999585388885,0.778472982826133,0.833882090315571,0.931260365684206,0.871584895156155,0.923479592946642,0.920762871539749,0.933860667946683,0.913560890930872,0.939760295715323,0.937238453109575,0.759445369273363,0.70910777277453,0.82827356352046,0.603372869882659,0.783738512376294,0.789297082021474,0.732856299115438,0.853963612677294,0.81621517955751,0.831366099358225,0.790043405579598,0.800345973404245,0.957308525297523,0.973435942250904,0.969909594242816,0.962089119845438,0.981360365251991,0.968627145211273,0.845023251803528,0.84698051381946,0.852192841997525,0.863009896801581
"X2D02",0.546916863362753,0.727478227789544,0.514878776697229,0.761222813103694,0.784379307019468,0.815181911550737,0.703683005046851,0.779557803481965,0.837570308479453,0.802740083793861,0.828548223930417,0.8429388629441,0.825618710277971,0.822201430569147,0.693525725097611,0.673015114824945,0.675959410499429,0.679308798099324,0.417188973268372,0,0.412381767603502,0.765332521178614,0.725055630033328,0.711624931979729,0.78036294456885,0.794729042023695,0.853490920592777,0.748992447470983,0.8112907591602,0.80414661831261,0.819851019989068,0.680149884299155,0.67039689444838,0.665213852300564,0.727701622892117,0.693551875787842,0.706175747551326,0.765670668024596,0.757977075340074,0.77791215537805,0.772055616406761,0.772345861315535,0.955497196524458,0.958555097437302,0.976746641476784,0.942384475829798,0.934883796119326,0.953357566849035,0.956625149998315,0.829505100230747,0.810663881142743,0.802898602754703,0.666761598786878,0.581446093685386,0.610356896519815,0.630770119475474,0.800252844732704,0.803666693386771,0.788305013121461,0.840174922282295,0.917362462627065,0.861390061020995,0.912975012928305,0.9086045496396,0.921527009600747,0.89332858411765,0.930026520208188,0.934741922017012,0.759035139223568,0.715764773199955,0.840993375648054,0.585261993533587,0.7859690985749,0.787191035334642,0.730586343039551,0.857249323301901,0.801484261624817,0.77840425804697,0.784264600805291,0.798346418593257,0.956963826504291,0.969855013942071,0.9676359620605,0.957710508903761,0.976887733469266,0.967483747990218,0.851472512749328,0.853368109837035,0.864444610665252,0.865548677902473
"X2D04",0.577150112409383,0.752431135771147,0.55997239178196,0.78179508713066,0.806470618696919,0.859511351458506,0.775568161188007,0.798589052037207,0.866058396184903,0.82560560520896,0.849714047951412,0.882746276839015,0.85397085221371,0.850042179023467,0.731394359417324,0.729207859776898,0.73188854049908,0.729959406419731,0.395441007964999,0.412381767603502,0,0.818507261991618,0.81455647754357,0.790778602248841,0.85289419781623,0.823266621354866,0.884904742086944,0.80303622535899,0.807797974055325,0.848260962596609,0.772475249775853,0.718902084248634,0.711054621294181,0.725659463928271,0.740698403775869,0.699401255501222,0.719118650155029,0.785890769972984,0.841893572457445,0.846896266012482,0.807741251141572,0.832073102887087,0.969698991566657,0.967615102076123,0.983228002612392,0.954060816501944,0.959482594413857,0.964113732408976,0.963347614966081,0.846174138505229,0.817697585669529,0.818979964432517,0.690946262069958,0.619056383346793,0.625897056036964,0.666510251979643,0.816223680314888,0.817866075255031,0.819943519453481,0.863340681054289,0.930421439338736,0.883102823522076,0.929900517384646,0.930319218465629,0.941903392328101,0.924779885358957,0.948454164109842,0.943724172455707,0.783325460343062,0.772214364479844,0.844681259139167,0.627245777523014,0.807448998396396,0.818857588701187,0.750255593118286,0.875449710665844,0.803549639887965,0.83660818704746,0.796372479023899,0.78354526898163,0.9649532068299,0.978255922463662,0.977252817934343,0.971248525767484,0.984897747012884,0.972652337150369,0.862799537795128,0.866242259934441,0.870886703289293,0.877106980699337
"X2G01",0.94805960884451,0.880301877543873,0.938625514305951,0.657766419795774,0.686187097484956,0.726201665081958,0.739527890678958,0.901368122345163,0.909575990965091,0.915598774185414,0.904672105320912,0.885361647682084,0.90256418569991,0.921483102553386,0.912026806798802,0.888561129162993,0.895963609713101,0.90860124125837,0.771927044592404,0.765332521178614,0.818507261991618,0,0.299829997997354,0.509064959226135,0.377996481352078,0.750239567829804,0.860471588691064,0.738140171727232,0.770870443241408,0.789823396045529,0.818394139212296,0.802107208112828,0.810353767624077,0.791788265521742,0.952245617489857,0.942523729943301,0.965073411536681,0.956123230564137,0.689064008259956,0.682063206445301,0.68458740981538,0.667642283629504,0.960883767190725,0.960643119856026,0.977503616795869,0.963850704817254,0.957951823612905,0.94963490363838,0.965382206505658,0.907252259366756,0.900357650776527,0.921810055700082,0.959179033449348,0.920449358199343,0.941414678731517,0.936981216724452,0.617009196882865,0.631456377128793,0.614334410476382,0.746241761560962,0.934514992257224,0.913284665803451,0.911096520417698,0.918042563847713,0.930643164759061,0.897153576691084,0.93153904824615,0.953659429037233,0.89624690577036,0.863862807142247,0.923805891024147,0.947787797215705,0.954211188586713,0.944557293738943,0.945527256517905,0.945706526351647,0.695714451933645,0.695049604585006,0.704835121614988,0.747923969867835,0.966406988878187,0.982744764133159,0.978912735691505,0.966725369326181,0.985265073838972,0.975586668913038,0.937840513547449,0.925849666427459,0.920727197158627,0.919030205726203
"X2G02",0.931734432333768,0.855213796055684,0.93073271488775,0.667942293418096,0.702745834686391,0.750108072017403,0.739757181397987,0.894191129068671,0.910460476779871,0.919035779985412,0.898007247004831,0.872306193820802,0.902970207248591,0.914426171709157,0.890713698423531,0.88709419078498,0.884070181561892,0.896108470467799,0.767997435839308,0.725055630033328,0.81455647754357,0.299829997997354,0,0.463478602987806,0.425130756912076,0.763262708844571,0.850041420021955,0.710190923499861,0.750274406385585,0.797998100429407,0.81927988582378,0.802683395470456,0.805654107712753,0.786063701374461,0.92189292662409,0.908730054176184,0.933289377990606,0.929739146642014,0.609598167908074,0.650005132103379,0.645429706600881,0.65405546029678,0.953973266229748,0.955045461482203,0.974174924263259,0.953790498940892,0.942236624341499,0.942543719549057,0.954088247672658,0.884800433982626,0.887082095210912,0.89703378555181,0.949768024819254,0.914725151794052,0.936081793848585,0.91918895817483,0.648669898361983,0.657332512776662,0.632198080766829,0.727807725481927,0.900659195597541,0.907306971161744,0.915107323894738,0.906909935850172,0.916992683186237,0.896808734954128,0.925000067418545,0.928000891749001,0.874179555162099,0.85253040343244,0.897948012824058,0.934029951856179,0.927667731171765,0.917534067242321,0.920818779435694,0.939449786620075,0.722161470291169,0.648022883744584,0.704581783703176,0.741534467948341,0.947391219550254,0.971858430088644,0.968317907299741,0.955133833496185,0.973412860716513,0.965065036894843,0.913457971731476,0.902167916683073,0.895122747674221,0.895184297681407
"X2G03",0.92876356705568,0.812125422484832,0.906940646977368,0.583050494469926,0.610154726628849,0.687652759695352,0.652862234194946,0.868413966035789,0.861285339456947,0.848508560787131,0.864439542155592,0.83687146658717,0.876808286901203,0.863302858524138,0.846065180574559,0.81908988692464,0.82302300332061,0.843314765692567,0.754886850362406,0.711624931979729,0.790778602248841,0.509064959226135,0.463478602987806,0,0.65598618410752,0.665833298438893,0.757042896531542,0.669783045427975,0.733203055629611,0.7024499602566,0.763261534091896,0.743723087576119,0.761825383573588,0.743766879458981,0.899055148267491,0.903646405408613,0.892156215256886,0.915784418968967,0.574828672645569,0.605860700913938,0.560967148143004,0.589934973315798,0.948682383134503,0.953891198242899,0.971871547689535,0.95098209871695,0.941971289210005,0.939819133107651,0.95584808551592,0.868629066917609,0.843146707596485,0.860652950989307,0.941769568648234,0.898193738085555,0.927082828637591,0.914188613144755,0.539315138030385,0.529706702218031,0.545035937224187,0.703195847247131,0.894640119873627,0.881075737474815,0.895521104440906,0.89570117165076,0.902893632405874,0.878737803014046,0.923264818997812,0.92894609922467,0.822679975517997,0.790761757771491,0.878158969948706,0.910961452763583,0.915299025590225,0.919471674605449,0.913743039011198,0.93637197660512,0.62588727157389,0.590450311889249,0.605793199844,0.68951940658331,0.952959354869082,0.967779831135755,0.96702970916137,0.948877345105108,0.970452972356439,0.964216852123301,0.902582176548334,0.875109971448095,0.892064225729134,0.888432373402552
