"","X1D01","X1D02","X1D03","X1D04","X1G01","X1G02","X1G03","X1G04","X1P01","X1P02","X1P03","X1P04","X1S01","X1S02","X1S03","X1S04","X1W01","X1W02","X1W03","X1W04","X2D01","X2D02","X2D04","X2G01","X2G02","X2G03","X2G04","X2P01","X2P02","X2P03","X2P04","X2S01","X2S02","X2S03","X2S04","X2W01","X2W02","X2W03","X2W04","X3D01","X3D02","X3D03","X3D04","X3G01","X3G02","X3G03","X3G04","X3P01","X3P02","X3P03","X3P04","X3S01","X3S02","X3S03","X3S04","X3W01","X3W02","X3W03","X3W04","X4D01","X4D02","X4D03","X4D04","X4G01","X4G02","X4G03","X4G04","X4P02","X4P03","X4P04","X4S01","X4S02","X4S03","X4W01","X4W02","X4W03","X4W04","X5D01","X5D02","X5D03","X5D04","X5G01","X5G02","X5G03","X5G04","X5P01","X5P02","X5P03","X5P04","X5S01","X5S02","X5S03","X5S04","X5W01","X5W02","X5W03","X5W04"
"X1D01",0,0.667467948717949,0.43874296435272,0.472654580968077,0.65891472868217,0.62962962962963,0.655205882352941,0.616190192574945,0.675149381135297,0.689658210007047,0.775096899224806,0.713732004429679,0.685261620523241,0.718852124183007,0.728231292517007,0.743238304093567,0.553846153846154,0.568,0.604805406081842,0.581742450538008,0.808033697414228,0.786684529356943,0.804610604295147,0.815950920245399,0.840214090494989,0.843085106382979,0.813229571984436,0.821248947452266,0.850701982920828,0.853240093240093,0.860927152317881,0.809364548494983,0.848951973951974,0.879329838626786,0.865871435682287,0.828488372093023,0.786247356855591,0.809825195901145,0.810229440296474,0.801539090785148,0.799267399267399,0.86415804024947,0.823642100518368,0.844936708860759,0.829754098360656,0.840909090909091,0.773491960219351,0.850099386397027,0.8359375,0.85823754789272,0.845441555919319,0.860800458809553,0.861288879176682,0.883161512027491,0.867947811635723,0.833054626532887,0.815082005260715,0.851576483546744,0.793790811108489,0.488549618320611,0.455611940298507,0.494942528735632,0.5,0.732488096955706,0.656150477707006,0.72873937497357,0.692771084337349,0.730553154710458,0.771809661139149,0.741476172026346,0.774368287080152,0.716417910447761,0.780759529147982,0.676616915422886,0.622454646427249,0.774390243902439,0.438461538461538,0.754601226993865,0.812724820143885,0.724238639285846,0.851141514184993,0.762660256410256,0.810344827586207,0.77299154334038,0.800709219858156,0.854304635761589,0.85207100591716,0.827318149201371,0.82414821359545,0.83863734992044,0.852459016393443,0.813829787234043,0.832897033158813,0.8093671679198,0.813458804160742,0.779265562024183,0.801444513975803
"X1D02",0.667467948717949,0,0.693733850129199,0.690821256038647,0.701657458563536,0.664879240943071,0.715789473684211,0.677250765403751,0.724137931034483,0.751861260626792,0.815009380863039,0.792746113989637,0.785714285714286,0.741262389149713,0.759901960784314,0.768491933278644,0.697968234323432,0.727735731688352,0.717224602041356,0.706326614350926,0.637446346245562,0.647675777737817,0.639637445887446,0.642226847392321,0.685452932926326,0.673740500985083,0.648413293353323,0.637397677517609,0.677203765227021,0.717909303962716,0.700315457413249,0.639393939393939,0.674417995358934,0.73402882746707,0.700854700854701,0.653631284916201,0.625423806732637,0.641451825539239,0.64630035569526,0.661405495912538,0.659758018327606,0.726475755294199,0.682595526561044,0.649210253102037,0.641112033725089,0.660194174757282,0.590814176245211,0.713310023310023,0.700181464211893,0.715545982393707,0.69572818485862,0.726744795763201,0.719626168224299,0.764153182735293,0.728570564699005,0.661892882598513,0.641028638223261,0.701986754966887,0.632522541413294,0.643036611629576,0.64406660412758,0.599528301886793,0.645320197044335,0.506329113924051,0.584184471078687,0.512500868115841,0.562514065664774,0.625563063063063,0.610888899728468,0.662192192192192,0.709326181065312,0.594142259414226,0.601208335382749,0.484512971120901,0.598984771573604,0.682578381334306,0.677093504440415,0.687517349865828,0.793103448275862,0.649529342389761,0.801909579801294,0.644230769230769,0.629846911948079,0.62469512195122,0.75,0.808346624136098,0.764426877470356,0.712716429395922,0.734971213023625,0.701128218178733,0.71859724763743,0.730769230769231,0.746808279458901,0.765853658536585,0.72534993938058,0.719065370789509,0.782371588222652
"X1D03",0.43874296435272,0.693733850129199,0,0.495967479674797,0.636730205278592,0.588709677419355,0.605781185246581,0.592307692307692,0.628565715809118,0.684827377347062,0.733910327324787,0.694933524973051,0.655455059355568,0.718120805369127,0.710430582061069,0.712175713974275,0.491068580542265,0.542738164815897,0.561693489923155,0.52991452991453,0.820551064770813,0.802048378076063,0.822981366459627,0.819596059303991,0.8464873277012,0.851538461538462,0.819442475785495,0.8266220062819,0.84885905708423,0.86411149825784,0.856910190786412,0.820896425741703,0.859720335843931,0.887839314790445,0.869436201780415,0.834542467138524,0.79119015811031,0.822114347357066,0.821665499883322,0.810699588477366,0.796039215686275,0.867507886435331,0.827725490196078,0.849269651113914,0.831597033821668,0.846153846153846,0.776649746192893,0.846916508538899,0.834963230750216,0.85077755240027,0.844053231939164,0.866443933782518,0.868332147937411,0.883514294892387,0.869565217391304,0.838028169014085,0.808429118773946,0.844327406910433,0.791189142610944,0.508064516129032,0.462403889642696,0.536838728780103,0.531024531024531,0.735554414175935,0.641891891891892,0.734122235518326,0.70028295871194,0.718390804597701,0.76797716501508,0.735632183908046,0.781593996892665,0.722064777327935,0.782314814814815,0.683673469387755,0.604959894405523,0.750838926174497,0.437003968253968,0.736832986832987,0.792153846153846,0.70212215320911,0.833333333333333,0.754777845404747,0.813333333333333,0.755952380952381,0.780487804878049,0.838461538461538,0.841938707528314,0.815642458100559,0.817930688096434,0.835618153364632,0.853807471264368,0.807255244755245,0.826714451762883,0.779361054766734,0.793649193548387,0.751748593788212,0.774193548387097
"X1D04",0.472654580968077,0.690821256038647,0.495967479674797,0,0.658730158730159,0.615692307692308,0.663899986223998,0.633647629310345,0.694671175373134,0.717046342489632,0.782433380084151,0.723133155701305,0.697877426832802,0.75796178343949,0.75,0.75,0.565573770491803,0.577081391736564,0.606631578947368,0.588466773181845,0.811820310383529,0.791245791245791,0.8,0.829268292682927,0.85517223008661,0.848444551901999,0.827725490196078,0.822260936895083,0.848920863309353,0.848797250859107,0.862010913735052,0.813756405202996,0.848396501457726,0.879268698983841,0.862016077850645,0.835047475220886,0.791906741906742,0.817740475174574,0.812183613166273,0.822605655214351,0.803088803088803,0.872212009803922,0.844178988326848,0.851673959499339,0.838337837386982,0.847750865051903,0.78589196872779,0.857966266229826,0.850393700787402,0.859406375502008,0.857142857142857,0.87299002119849,0.868512110726644,0.889667443858142,0.87678607879159,0.846666666666667,0.827067669172932,0.862135856708347,0.812363537117904,0.53125,0.459997439836149,0.554424287301,0.54800307219662,0.73754023412674,0.653197278911565,0.735849056603774,0.7125,0.741568776051535,0.794940476190476,0.768796175575837,0.805634920634921,0.735063147668394,0.801363863863864,0.703517587939698,0.629503105590062,0.785950782997763,0.472220472440945,0.755688571913737,0.795942880021353,0.72580242287998,0.841379310344827,0.777777777777778,0.818794297841669,0.781441635287789,0.806326581645411,0.857625482625483,0.857565511411665,0.837696335078534,0.833333333333333,0.845474053843153,0.861344537815126,0.823529411764706,0.842696629213483,0.801498652896273,0.8125,0.782281791435109,0.808578431372549
"X1G01",0.65891472868217,0.701657458563536,0.636730205278592,0.658730158730159,0,0.505102572112881,0.547368421052632,0.543358395989975,0.651376146788991,0.679611650485437,0.714285714285714,0.673913043478261,0.671644844517185,0.744273474383633,0.696838138925295,0.730434782608696,0.560373831775701,0.568421052631579,0.59510662604722,0.57921568627451,0.830617855285364,0.808743894669781,0.827702702702703,0.810257159555815,0.835820895522388,0.846727258231683,0.797810035565177,0.817327336700528,0.83739837398374,0.863877174486031,0.851027064538515,0.813868613138686,0.844040301984227,0.884762935274444,0.863333333333333,0.834632982866044,0.788613182126267,0.824871134020619,0.808349897732838,0.79310024349895,0.787415158371041,0.856617647058824,0.815966485721029,0.829787234042553,0.815988215278642,0.828897338403042,0.723346626786308,0.824199199199199,0.815397126592573,0.830395962732919,0.832608572346902,0.853836567562756,0.847746194184912,0.863813229571984,0.844961240310078,0.824072930814504,0.794117647058823,0.830901070544339,0.757979626485569,0.624465811965812,0.632028789923527,0.632582720588235,0.60265006385696,0.703047648514851,0.553282268359874,0.692307692307692,0.59532897128317,0.717595048629531,0.766333308078895,0.717043197616683,0.757766059443912,0.709302325581395,0.763494581020354,0.666666666666667,0.583005249343832,0.695482336956522,0.633072916666667,0.708955223880597,0.73,0.711111111111111,0.791485507246377,0.649005074786325,0.76362997784622,0.684412955465587,0.70873786407767,0.803495115995116,0.818840579710145,0.774834437086093,0.781573547243727,0.805763927192499,0.826827875095202,0.76510067114094,0.798679508411052,0.734229114232362,0.757938508064516,0.682030586236194,0.74742158426369
"X1G02",0.62962962962963,0.664879240943071,0.588709677419355,0.615692307692308,0.505102572112881,0,0.505000500050005,0.485837712656988,0.647058823529412,0.666666666666667,0.705357142857143,0.685185185185185,0.650930791841097,0.722627737226277,0.697877426832802,0.690766550522648,0.535423197492163,0.580981762090554,0.577452364149612,0.55045871559633,0.810289389067524,0.804653046530465,0.806723163841808,0.80762501100449,0.83357628765792,0.825765385011854,0.79310024349895,0.793168265491314,0.82,0.833036773428232,0.836363636363636,0.8,0.834569218458256,0.872957200906364,0.843042986425339,0.823076049083472,0.764121168738205,0.804454804454804,0.797100497695368,0.793248945147679,0.769880045530164,0.846285114203203,0.81104158401558,0.807417582417582,0.795603424843708,0.817164179104478,0.69856398525861,0.818947779196821,0.806378585917126,0.814345991561181,0.821054964539007,0.846689895470383,0.841527515994585,0.867674385363065,0.845856845856846,0.820506624783537,0.778672325536189,0.813753628655306,0.744948979591837,0.602465900692065,0.573643410852713,0.616944010296957,0.631147540983607,0.658988660580389,0.515749007936508,0.651960784313725,0.602889027951606,0.666666666666667,0.741611007213465,0.707933370976849,0.750816993464052,0.680598132173665,0.75609756097561,0.646238127754671,0.516530054644809,0.685483870967742,0.59375,0.694029850746269,0.732738095238095,0.671430759022,0.784307692307692,0.6403125,0.745049019607843,0.659863945578231,0.684447605500237,0.776859504132231,0.801369863013699,0.764331210191083,0.765627441787779,0.806046299116662,0.827663512957631,0.770198803319822,0.779932970255551,0.708867521367521,0.736830192949697,0.675106837606838,0.716205244783632
"X1G03",0.655205882352941,0.715789473684211,0.605781185246581,0.663899986223998,0.547368421052632,0.505000500050005,0,0.532710280373832,0.65615763546798,0.666666666666667,0.7,0.696140693698095,0.632993774759479,0.724800144256777,0.698275862068966,0.698695453158377,0.548076923076923,0.580952380952381,0.579538266919671,0.533021806853583,0.833065380493033,0.82309324972949,0.836666666666667,0.826006740161078,0.850299401197605,0.852436941671046,0.808273176291793,0.821695052716951,0.833976833976834,0.853380853380853,0.848915647051207,0.830935251798561,0.852513382948165,0.889172309811924,0.867329651712834,0.838946654611211,0.79184857695496,0.828425011414702,0.81902805820511,0.812632978723404,0.792872167321507,0.858131487889273,0.821502667457024,0.826784962559478,0.818854252119223,0.831750915750916,0.729975343430786,0.824174974882139,0.814816572991037,0.827956193577031,0.825208353760173,0.854808959156785,0.851565298867363,0.87134454036965,0.849901185770751,0.833016476552598,0.79247009148487,0.828505719610827,0.763022246337493,0.651979813664596,0.625508130081301,0.666666666666667,0.637513904338153,0.711742335443203,0.59532897128317,0.707806549885758,0.642873309568268,0.681189863125085,0.757500750075008,0.704322677499117,0.749193548387097,0.693690931390232,0.762756430282204,0.698274437208687,0.590163934426229,0.696845504222553,0.626016260162602,0.708661417322835,0.711525958948639,0.714807090719499,0.798245614035088,0.660102525631408,0.76397235189436,0.682652505446623,0.689339622641509,0.769215011471649,0.792724867724868,0.76801730920535,0.779220779220779,0.794665718349929,0.821596244131455,0.775978407557355,0.778150633855332,0.720529851885784,0.744093023255814,0.684447605500237,0.72
"X1G04",0.616190192574945,0.677250765403751,0.592307692307692,0.633647629310345,0.543358395989975,0.485837712656988,0.532710280373832,0,0.654509283819629,0.648561403508772,0.70852775543041,0.697877426832802,0.63716814159292,0.713352007469655,0.72242497972425,0.724501424501425,0.544287548138639,0.574537037037037,0.561693489923155,0.539406487232574,0.80577886339744,0.799313843184333,0.803491760450161,0.792128867104558,0.827087469781429,0.826686954020378,0.780537361544529,0.791126783664097,0.812745054191452,0.8321423102445,0.828671328671329,0.792982456140351,0.830924674413359,0.868712509937125,0.84328599770283,0.819420634481742,0.764823060698383,0.805280528052805,0.796173469387755,0.783891074347506,0.780959222769568,0.847040808596751,0.811360194877872,0.803389830508475,0.802158273381295,0.816698289719872,0.714285714285714,0.81443106029672,0.806653525607774,0.814888586604482,0.816733067729084,0.838712467137125,0.832142857142857,0.86306261849726,0.835534968833991,0.819488088873822,0.786556014003501,0.82218175968176,0.755279034690799,0.632352941176471,0.599270072992701,0.640261437908497,0.635036496350365,0.64938681780427,0.544776119402985,0.660979440319817,0.616190192574945,0.666666666666667,0.747548784004614,0.702780974299962,0.728395061728395,0.677777777777778,0.751184940584496,0.661533601832109,0.565051443743777,0.709219858156028,0.590909090909091,0.71326100370218,0.743119266055046,0.699673202614379,0.788470643939394,0.63634797588286,0.745855916892502,0.673336001067093,0.689089881288864,0.769230769230769,0.797546012269939,0.764536849222448,0.758534714230917,0.792270531400966,0.813831651247547,0.73951945490407,0.7609309125527,0.726184475806452,0.745653229723167,0.703851851851852,0.734192121039109
"X1P01",0.675149381135297,0.724137931034483,0.628565715809118,0.694671175373134,0.651376146788991,0.647058823529412,0.65615763546798,0.654509283819629,0,0.545004500450045,0.585482484418655,0.595744680851064,0.604732491597784,0.582650273224044,0.583333333333333,0.591106719367589,0.62554347826087,0.645454545454545,0.606990231990232,0.626127590410402,0.84144237405107,0.835971948880197,0.842364106988784,0.812903225806452,0.843426541690667,0.85064267560261,0.794871794871795,0.823635209479475,0.829786597228458,0.863313264711594,0.833935018050542,0.834202510052394,0.848528138528138,0.882134697924172,0.861840610290537,0.846616718243842,0.79055877986233,0.834983498349835,0.834821539301039,0.794494720965309,0.787228260869565,0.85241621341309,0.809035860068144,0.829020277532303,0.810909090909091,0.833621683967705,0.741878750258639,0.792207792207792,0.789364553340215,0.813559322033898,0.798722982642839,0.831560083003207,0.833941678766968,0.848070549242424,0.82465690351711,0.816724085520316,0.789473684210526,0.832043473615118,0.759298945708937,0.688711240310078,0.686795032471232,0.701986754966887,0.676923076923077,0.738911951059646,0.678446553446553,0.745049019607843,0.666666666666667,0.614864864864865,0.715025906735751,0.651315789473684,0.662115563839702,0.656801625105071,0.736179508548627,0.697916666666667,0.635347705539524,0.714285714285714,0.678701772679875,0.705882352941176,0.75,0.675675675675676,0.756001536393317,0.681649831649832,0.782393456736978,0.709339658807744,0.736363636363636,0.748913043478261,0.746572769953052,0.728121581497109,0.744278093271382,0.776595744680851,0.790827574511383,0.70096782198693,0.73882853094001,0.713003220611916,0.767778901247051,0.712,0.712962962962963
"X1P02",0.689658210007047,0.751861260626792,0.684827377347062,0.717046342489632,0.679611650485437,0.666666666666667,0.666666666666667,0.648561403508772,0.545004500450045,0,0.587292693859256,0.629606741573034,0.575112830431979,0.632,0.581725417439703,0.615011501150115,0.659441896024465,0.640388349514563,0.601941747572816,0.651785714285714,0.854889589905363,0.846547619047619,0.856666666666667,0.835483870967742,0.854814496163503,0.864865630564999,0.796498486763974,0.823749724608945,0.821011673151751,0.851062715162401,0.828996282527881,0.838129496402878,0.850369641947776,0.880353188276129,0.858570794988358,0.856711867491809,0.800838666572895,0.846153846153846,0.841352265215844,0.787878787878788,0.792372881355932,0.848920863309353,0.803085548498393,0.842757242757243,0.823314912723505,0.842490842490842,0.761111111111111,0.782995635286109,0.778520802466664,0.81209644310081,0.790285792264504,0.825783972125436,0.822977575929605,0.840552188134621,0.818556893970328,0.827777091822036,0.802840993604046,0.827082356618221,0.771925415891843,0.7109375,0.715384615384615,0.744124319419238,0.701612903225806,0.775910168782257,0.711694408877507,0.771144278606965,0.691755072613039,0.617021276595745,0.715818234109865,0.625,0.630434782608696,0.660549943883277,0.736842105263158,0.729271644525882,0.676923076923077,0.69047619047619,0.708808320601716,0.727606951871658,0.73431941583973,0.695490703469427,0.756412130069419,0.697674418604651,0.779449472096531,0.721996245306633,0.728122344944775,0.734513274336283,0.734848484848485,0.72258064516129,0.727891156462585,0.771507863089732,0.788596966413868,0.686190476190476,0.722222222222222,0.711538461538462,0.751968992248062,0.702702702702703,0.701923076923077
"X1P03",0.775096899224806,0.815009380863039,0.733910327324787,0.782433380084151,0.714285714285714,0.705357142857143,0.7,0.70852775543041,0.585482484418655,0.587292693859256,0,0.592105263157895,0.602272727272727,0.695048309178744,0.611111111111111,0.621637426900585,0.697247706422018,0.725130419140133,0.651086956521739,0.690721649484536,0.88961038961039,0.883476934992013,0.893653203408181,0.879538744784461,0.895713410900184,0.90057648856991,0.859370015948963,0.869230769230769,0.869473105697975,0.896441372247824,0.880082644628099,0.879403663407244,0.894188732894971,0.914947888643112,0.897350993377483,0.892190185966557,0.847423592675788,0.883556578190484,0.873584583173097,0.856502242152466,0.851351351351351,0.891304347826087,0.858113492429644,0.875464786785542,0.867156862745098,0.881353767560664,0.803680981595092,0.849315068493151,0.844036697247706,0.859060873047657,0.84944650937298,0.878676470588235,0.878553921568627,0.8819851806113,0.869387755102041,0.870546401915223,0.843815928270042,0.871111111111111,0.821062286333695,0.789915966386555,0.769536019536019,0.796509908311151,0.79413011231193,0.819549911993965,0.765877016129032,0.825556682606386,0.75,0.706532584151657,0.8,0.741258741258741,0.741841491841492,0.736848159509202,0.818417333961375,0.800537634408602,0.723577235772358,0.741522988505747,0.76169781254527,0.764702263779528,0.769672855879752,0.755815351325359,0.778797145769623,0.748983739837398,0.832910321489002,0.765151515151515,0.741935483870968,0.75,0.785986913849509,0.783783783783784,0.790947224661009,0.82401973026973,0.838715637008572,0.76056338028169,0.785960591133005,0.745276292335116,0.79828247088309,0.726780185758514,0.714285714285714
"X1P04",0.713732004429679,0.792746113989637,0.694933524973051,0.723133155701305,0.673913043478261,0.685185185185185,0.696140693698095,0.697877426832802,0.595744680851064,0.629606741573034,0.592105263157895,0,0.616279069767442,0.601896799712334,0.602150537634409,0.566838487972509,0.673469387755102,0.684782608695652,0.655913978494624,0.674679943100996,0.883333333333333,0.873485940879596,0.881265664160401,0.867345404060855,0.888730158730159,0.900559850706478,0.855875526181203,0.874531730108176,0.875,0.898496240601504,0.884825225321601,0.879156951773224,0.893119328999503,0.919023696995737,0.904131471836842,0.884735202492212,0.84698504134535,0.880952380952381,0.87321392120841,0.849315068493151,0.845814977973568,0.896296296296296,0.857749603231857,0.885017421602787,0.869962288459732,0.885185185185185,0.818447634237108,0.853272171253823,0.844188159944608,0.87280701754386,0.857798165137615,0.87934146145825,0.876494023904382,0.892496131177768,0.873983739837398,0.860778996672008,0.850619834710744,0.881049960967994,0.8,0.723577235772358,0.705882352941176,0.73943661971831,0.71900826446281,0.812495311445075,0.748148148148148,0.809401080019637,0.738805970149254,0.699315068493151,0.786277295008913,0.705680902497985,0.705426356589147,0.736022687811089,0.792649652739499,0.776246298501084,0.697975140336808,0.758333333333333,0.723133155701305,0.746863863150392,0.75531914893617,0.736068111455108,0.775605569330536,0.763569153092505,0.844559585492228,0.795620437956204,0.757428655486908,0.75,0.800735294117647,0.803987811340752,0.79715212323908,0.835164835164835,0.844252382984777,0.756850600600601,0.792261904761905,0.738738738738739,0.804782774390244,0.747618183467925,0.737986270022883
"X1S01",0.685261620523241,0.785714285714286,0.655455059355568,0.697877426832802,0.671644844517185,0.650930791841097,0.632993774759479,0.63716814159292,0.604732491597784,0.575112830431979,0.602272727272727,0.616279069767442,0,0.661153635866594,0.620526315789474,0.612244897959184,0.620185185185185,0.636363636363636,0.606060606060606,0.611947691698038,0.879421953363321,0.866432174472084,0.881188118811881,0.863636363636364,0.887743428521526,0.892957746478873,0.849137931034483,0.863884935694708,0.864432432432432,0.891147429349677,0.881167928111043,0.872989962615865,0.886930641821946,0.912022703818369,0.89559625793803,0.882264083881287,0.84113701268513,0.8768715393134,0.862386186089112,0.843614130434783,0.843881856540084,0.887737200143215,0.853556485355649,0.875426700686216,0.866666666666667,0.880215751437464,0.807017543859649,0.846322537112011,0.833717357910906,0.862727930260002,0.851528384279476,0.871840496395657,0.869888475836431,0.882240428448468,0.870963541666667,0.867424242424242,0.839662447257384,0.867736437598482,0.807491987179487,0.709401709401709,0.683771929824561,0.72473494796226,0.701683644595359,0.801981412001275,0.727941176470588,0.801476387656512,0.73021173059999,0.704852402083735,0.779217273954116,0.721870604781997,0.729166666666667,0.712078220858896,0.790696121380489,0.771073646850044,0.690065681444992,0.723133155701305,0.67953840648855,0.7578125,0.775605569330536,0.755475619504396,0.780701754385965,0.739149468417761,0.828858578607322,0.760878705066218,0.748831775700935,0.763006300630063,0.809871393813,0.790695106871578,0.781256029326645,0.822401433691756,0.835616438356164,0.75,0.786666666666667,0.70531015037594,0.78740157480315,0.714901477832512,0.720215053763441
"X1S02",0.718852124183007,0.741262389149713,0.718120805369127,0.75796178343949,0.744273474383633,0.722627737226277,0.724800144256777,0.713352007469655,0.582650273224044,0.632,0.695048309178744,0.601896799712334,0.661153635866594,0,0.584680573663624,0.540181774695049,0.719107744107744,0.712060606060606,0.706833139759969,0.692307692307692,0.850152905198777,0.848779404298528,0.848062790966104,0.807570977917981,0.843409331118828,0.864295733570357,0.805611785874944,0.83510658366346,0.839056776556776,0.876456018208596,0.852880153215312,0.845899982800138,0.851428571428571,0.88414398334077,0.869565217391304,0.853025936599424,0.814608634608635,0.83495145631068,0.842105263157895,0.796811483739837,0.811538461538462,0.866335123593302,0.807228915662651,0.852090032154341,0.835548392794066,0.86411149825784,0.787878787878788,0.793388429752066,0.782971014492754,0.83593893129771,0.812863051610353,0.826986883871354,0.837693432435726,0.856088560885609,0.830228348649401,0.817226431355398,0.813560524374326,0.851781439233911,0.757495195387572,0.737208760484622,0.748387096774193,0.741176470588235,0.712328767123288,0.765372470813079,0.729559748427673,0.755814456632267,0.701863354037267,0.619942533198726,0.719129720853859,0.628205128205128,0.607975622681505,0.650273224043716,0.732394366197183,0.735702614379085,0.699315068493151,0.75,0.747650338510554,0.748344370860927,0.800763358778626,0.730756578947368,0.780141843971631,0.752421204655509,0.812496263079223,0.776166328600406,0.8,0.761031797534069,0.762820512820513,0.757826199909073,0.747780908770694,0.795238095238095,0.789935152143049,0.699693251533742,0.745454545454545,0.776142697881828,0.796052631578947,0.762776445510258,0.779076756626796
"X1S03",0.728231292517007,0.759901960784314,0.710430582061069,0.75,0.696838138925295,0.697877426832802,0.698275862068966,0.72242497972425,0.583333333333333,0.581725417439703,0.611111111111111,0.602150537634409,0.620526315789474,0.584680573663624,0,0.54854826546003,0.689089881288864,0.726079721654943,0.669604037267081,0.692610539067232,0.866459627329193,0.862676056338028,0.864865821351291,0.841090548988055,0.864788732394366,0.875689659119526,0.820298251260594,0.838235294117647,0.840861360758516,0.875464786785542,0.851918406993686,0.853537414965986,0.865010535187526,0.891001092334383,0.87378508588186,0.866467666948436,0.817644887412329,0.858330369843528,0.852308569257078,0.8134411233248,0.809422921711057,0.860108109398119,0.82520325203252,0.848895269724855,0.83541986687148,0.855307127615315,0.767906471981058,0.808888888888889,0.796936985047299,0.833333333333333,0.812379479716209,0.84237743534377,0.841911764705882,0.854368419464808,0.833016476552598,0.836431226765799,0.813005040072709,0.844929599746876,0.778609797757259,0.742305871212121,0.736278195488722,0.749172185430464,0.73930950938825,0.781771959692633,0.730496453900709,0.780428343586238,0.704697986577181,0.642137998926078,0.743522620485971,0.66216031057319,0.666666666666667,0.680473372781065,0.751309044055158,0.750621890547264,0.680752840909091,0.714285714285714,0.734779925956397,0.729725700655933,0.754723707664884,0.716312056737589,0.765421195652174,0.711189358372457,0.794117647058823,0.732210254994016,0.756901646264247,0.740254872563718,0.746268656716418,0.739818381948266,0.748321845294409,0.783264146821062,0.799065420560748,0.706666666666667,0.747567381382933,0.730602006688963,0.767179576849099,0.716740412979351,0.71625021690092
"X1S04",0.743238304093567,0.768491933278644,0.712175713974275,0.75,0.730434782608696,0.690766550522648,0.698695453158377,0.724501424501425,0.591106719367589,0.615011501150115,0.621637426900585,0.566838487972509,0.612244897959184,0.540181774695049,0.54854826546003,0,0.669456506513517,0.707430576747025,0.656017579445571,0.676805938169575,0.867924528301887,0.862876254180602,0.867864367081869,0.840764331210191,0.865905500268743,0.877263526664072,0.825629027986228,0.846715328467153,0.842413688673531,0.879310344827586,0.86013986013986,0.85836439888164,0.867647058823529,0.895807485525227,0.882165605095541,0.867780087780088,0.820360331632653,0.855951044239838,0.851137451225797,0.817979797979798,0.815899581589958,0.866100058614626,0.817427385892116,0.850770951035781,0.842008513931888,0.865485893416928,0.780898876404494,0.814655172413793,0.805369799383334,0.835112823335168,0.817805187675839,0.846571949947862,0.846832492219177,0.859375,0.837469981842676,0.829912987521683,0.816333333333333,0.847492247137405,0.775559701492537,0.750838926174497,0.722627737226277,0.751633986928105,0.746153846153846,0.781322674418605,0.742369920941349,0.787268939756728,0.717681092339736,0.640689655172414,0.748743718592965,0.657894736842105,0.673401360544218,0.671586651258886,0.768844221105528,0.758978136757084,0.693730253840288,0.740599378003958,0.748148148148148,0.745617549834719,0.763636363636364,0.727941176470588,0.754033307311996,0.751748593788212,0.811881188118812,0.758824260502113,0.763157894736842,0.737065120428189,0.753623188405797,0.762906804733728,0.758169934640523,0.797979797979798,0.806527693244066,0.721854304635762,0.750816993464052,0.727272727272727,0.780921907809219,0.738278388278388,0.728070175438597
"X1W01",0.553846153846154,0.697968234323432,0.491068580542265,0.565573770491803,0.560373831775701,0.535423197492163,0.548076923076923,0.544287548138639,0.62554347826087,0.659441896024465,0.697247706422018,0.673469387755102,0.620185185185185,0.719107744107744,0.689089881288864,0.669456506513517,0,0.473222793977511,0.490384615384615,0.456641604010025,0.823623680241327,0.812183613166273,0.821428571428572,0.81878039777662,0.84764328197402,0.848157303370787,0.818930041152263,0.821364610750821,0.839021762551174,0.855334065819076,0.854609929078014,0.825422910729061,0.855673592667812,0.884944748070377,0.863564213564214,0.833084577114428,0.778862946962037,0.826598639455782,0.812393344709898,0.79746835443038,0.781585996844153,0.858143758129034,0.818947779196821,0.830479150782945,0.819898547654356,0.836431226765799,0.740540540540541,0.834710743801653,0.818555929667041,0.835762700141785,0.830508474576271,0.858108108108108,0.857651561232766,0.87410071942446,0.854931896422691,0.827401459114399,0.796780358241829,0.833333333333333,0.769607843137255,0.570247933884298,0.523166023166023,0.583057395143488,0.581967213114754,0.715319772768921,0.6,0.725194300518135,0.671232876712329,0.670886075949367,0.765,0.716924300977495,0.756993006993007,0.688706739526412,0.779128959276018,0.686017043555754,0.544357723577236,0.708955223880597,0.516817410966648,0.701059407948094,0.745534290271132,0.691780821917808,0.804511278195489,0.715820261945437,0.788461538461539,0.715277777777778,0.733045977011494,0.8046875,0.81966011042098,0.782994836488812,0.785276073619632,0.817957904164801,0.840353982300885,0.77436641732723,0.794112554112554,0.741379310344828,0.755555555555555,0.702479338842975,0.736363636363636
"X1W02",0.568,0.727735731688352,0.542738164815897,0.577081391736564,0.568421052631579,0.580981762090554,0.580952380952381,0.574537037037037,0.645454545454545,0.640388349514563,0.725130419140133,0.684782608695652,0.636363636363636,0.712060606060606,0.726079721654943,0.707430576747025,0.473222793977511,0,0.515789473684211,0.489583333333333,0.839806435394671,0.827401459114399,0.837474930024464,0.83003008895866,0.859879900787607,0.86569314442569,0.823529411764706,0.842102835757959,0.864972114972115,0.876614654002714,0.872962923896419,0.839928825622776,0.867163061786488,0.900114183742232,0.884736237201995,0.851963746223565,0.812878567032682,0.837835986988529,0.83510658366346,0.8119462087352,0.800866206689665,0.870468268932433,0.834353402331259,0.85374149659864,0.835185413837099,0.851375195301977,0.766756260206859,0.842223802750119,0.830434782608696,0.853783363565691,0.854805246954892,0.864724099099099,0.86679233218325,0.885605234460196,0.87109375,0.84335102853351,0.821205048409405,0.850393700787402,0.783857840477482,0.566519174041298,0.573210032226426,0.590909090909091,0.569491389023016,0.742571344513092,0.638461538461539,0.740098039215686,0.678832116788321,0.711510295511329,0.777777777777778,0.726114649681529,0.759194630872483,0.730439604759024,0.78,0.702415181138585,0.582971014492754,0.744525547445255,0.570211686240394,0.720759233926129,0.735849056603774,0.719301271311718,0.806587150989428,0.71535654126895,0.804939024390244,0.741258741258741,0.758928571428571,0.805432645034415,0.829349548038393,0.798843930635838,0.785234899328859,0.826201372997712,0.841744712196149,0.779220779220779,0.810457516339869,0.761264918405456,0.792592592592593,0.752136752136752,0.764428412874584
"X1W03",0.604805406081842,0.717224602041356,0.561693489923155,0.606631578947368,0.59510662604722,0.577452364149612,0.579538266919671,0.561693489923155,0.606990231990232,0.601941747572816,0.651086956521739,0.655913978494624,0.606060606060606,0.706833139759969,0.669604037267081,0.656017579445571,0.490384615384615,0.515789473684211,0,0.519607843137255,0.829756983179124,0.819468461017969,0.831394569225612,0.826229508196721,0.855221060699231,0.859598853868195,0.807860262008734,0.821969696969697,0.839218944744495,0.85792302587923,0.853479853479853,0.829859603415835,0.85419703595724,0.885496183206107,0.864595089542386,0.843654141104294,0.787787203958996,0.825643663915067,0.818994757940179,0.801762114537445,0.790946348733234,0.854671280276817,0.813333333333333,0.837693432435726,0.822981614708233,0.839847328244275,0.748587390263368,0.824442863916548,0.816582387176796,0.834761877731736,0.826790211694235,0.851982263954095,0.850555616080183,0.86410395681085,0.844694741373126,0.82649168001114,0.798766197959746,0.836035976890756,0.774358974358974,0.61864406779661,0.588235294117647,0.630434782608696,0.616025641025641,0.739897959183673,0.627906976744186,0.746191323176862,0.671532846715328,0.685123096082,0.76515306122449,0.729032258064516,0.76,0.684215927750411,0.768658563754734,0.697802197802198,0.577874084525969,0.716535433070866,0.579598506069094,0.708049040511727,0.728208104685521,0.69204425711275,0.782060650347095,0.702290076335878,0.792270531400966,0.712279491475313,0.725130419140133,0.791304347826087,0.797101449275362,0.774612965650701,0.771526955301136,0.806282722513089,0.831358342361863,0.761597542242703,0.783533699356304,0.725576956446295,0.747204153828597,0.706714761376249,0.715686274509804
"X1W04",0.581742450538008,0.706326614350926,0.52991452991453,0.588466773181845,0.57921568627451,0.55045871559633,0.533021806853583,0.539406487232574,0.626127590410402,0.651785714285714,0.690721649484536,0.674679943100996,0.611947691698038,0.692307692307692,0.692610539067232,0.676805938169575,0.456641604010025,0.489583333333333,0.519607843137255,0,0.834967477330257,0.829824172576832,0.835000166683335,0.821036958150909,0.856296205243472,0.858356940509915,0.820194631310822,0.82649168001114,0.84859666778486,0.863717823395243,0.861209964412811,0.827710888989853,0.859237536656892,0.890392631559787,0.874592764742712,0.836705174348852,0.794296760918625,0.835548392794066,0.822064056939502,0.812232905982906,0.801619433198381,0.867549668874172,0.832975679542203,0.844482727760874,0.834240542506755,0.849185836133368,0.759358288770053,0.834764185703758,0.826922023124555,0.840859479058754,0.836864977463322,0.86017745695165,0.860714285714286,0.877432495873276,0.859375,0.840992842242015,0.806644082280413,0.845559845559846,0.778051450465244,0.573210032226426,0.551846493041202,0.581485952589991,0.575,0.724048132183908,0.619402985074627,0.736965653570546,0.677170592293289,0.689531303455354,0.771925415891843,0.720995670995671,0.750776397515528,0.703699493309081,0.770731707317073,0.696233837609557,0.565722631445263,0.716476671759314,0.565722631445263,0.713786213786214,0.752428099952852,0.713809523809524,0.802401249430598,0.695482336956522,0.796608977064866,0.727278911564626,0.728892760969428,0.802501413227812,0.81789594053745,0.785097227696755,0.7875,0.814533568016093,0.836693629119449,0.780181009357263,0.79375,0.745832175604334,0.76189197895415,0.718879132231405,0.759437321937322
"X2D01",0.808033697414228,0.637446346245562,0.820551064770813,0.811820310383529,0.830617855285364,0.810289389067524,0.833065380493033,0.80577886339744,0.84144237405107,0.854889589905363,0.88961038961039,0.883333333333333,0.879421953363321,0.850152905198777,0.866459627329193,0.867924528301887,0.823623680241327,0.839806435394671,0.829756983179124,0.834967477330257,0,0.534668885475337,0.510554163185742,0.617892741822266,0.568742473955744,0.532220304516482,0.597425368537757,0.512431034088047,0.597524154589372,0.616,0.567783783783784,0.551128185589705,0.563095454133019,0.585364920806335,0.560829604943779,0.536108646652599,0.564061469207187,0.507337526205451,0.541995039955911,0.695138802525944,0.674666666666667,0.675642715886618,0.687238614403969,0.598173594215811,0.620903057822373,0.615283930728957,0.658913908812953,0.751302118655562,0.754430379746835,0.718121143977397,0.721354166666667,0.728751951600312,0.713586239961644,0.7558027886783,0.71969696969697,0.668767345790329,0.672774869109948,0.695371986040609,0.723667070924853,0.804684982078503,0.805898239691343,0.780153120220821,0.805851619644723,0.633858399664851,0.743878811105434,0.630278168596274,0.728570564699005,0.771177978084129,0.721448467966574,0.786124269995238,0.823705004389816,0.74489778571125,0.707284342039176,0.678669658066392,0.769109055501461,0.806803631151457,0.809815950920245,0.803077651515152,0.855721201452305,0.779650146326631,0.860282953761215,0.768868670886076,0.668596564725597,0.726540880503145,0.836985774702038,0.878785256083902,0.835403726708075,0.794727562035006,0.816617357001972,0.759207981186744,0.754649142792049,0.804665714480038,0.812949253039186,0.855100714749838,0.824697899237776,0.827260031747945,0.859967426710098
"X2D02",0.786684529356943,0.647675777737817,0.802048378076063,0.791245791245791,0.808743894669781,0.804653046530465,0.82309324972949,0.799313843184333,0.835971948880197,0.846547619047619,0.883476934992013,0.873485940879596,0.866432174472084,0.848779404298528,0.862676056338028,0.862876254180602,0.812183613166273,0.827401459114399,0.819468461017969,0.829824172576832,0.534668885475337,0,0.531593645043209,0.663881494203521,0.619685155650068,0.60144062813462,0.610187783293762,0.547313797313797,0.604719764011799,0.63461320733355,0.608755539585579,0.565400259559382,0.602227068870185,0.626239910531946,0.576,0.568573667711599,0.580883052621562,0.571233411397346,0.55021613832853,0.717768690053869,0.681055295496712,0.699737320670843,0.729508196721312,0.641335191915169,0.652741514360313,0.634482207543149,0.685758082497213,0.772047992222255,0.771696336870935,0.724148168447977,0.74596762537939,0.762873491970568,0.737300368550369,0.748670175140763,0.75,0.695260955678852,0.716956174503344,0.70636019874247,0.730994152046784,0.785959044769113,0.790740653545532,0.767857895846511,0.775800711743772,0.658497682535513,0.741181458451102,0.642637935741384,0.734113001554862,0.777956413004645,0.716417910447761,0.793156662409536,0.831218106745392,0.753030414340288,0.717486143393528,0.686725984071943,0.762057686589355,0.804418758027005,0.795648952650367,0.803606258707534,0.850093632958802,0.781661499483282,0.863407281001138,0.778559070687098,0.690076826971488,0.743985970216233,0.84115523465704,0.878048780487805,0.839543926019336,0.805293501048218,0.817053935523582,0.770271001488028,0.770713865748341,0.813664596273292,0.830161961681499,0.851787994891443,0.818181818181818,0.820601237842617,0.859427449490151
"X2D04",0.804610604295147,0.639637445887446,0.822981366459627,0.8,0.827702702702703,0.806723163841808,0.836666666666667,0.803491760450161,0.842364106988784,0.856666666666667,0.893653203408181,0.881265664160401,0.881188118811881,0.848062790966104,0.864865821351291,0.867864367081869,0.821428571428572,0.837474930024464,0.831394569225612,0.835000166683335,0.510554163185742,0.531593645043209,0,0.602469135802469,0.560294990503324,0.54268318074468,0.595900219523908,0.486801703006064,0.592177245022983,0.59478333081685,0.587136899626114,0.50561797752809,0.54779440476262,0.578368102944044,0.572158423593893,0.562500375458811,0.590000734699875,0.520161436014539,0.53719121162676,0.708220720720721,0.677640789414262,0.699875930521092,0.706666666666667,0.617379279715762,0.624835958005249,0.613848816261685,0.665605095541401,0.75866207678814,0.751302118655562,0.728246529769416,0.725956196877951,0.732613508928315,0.713207463574566,0.762962962962963,0.727614599506223,0.681761221234905,0.697458052488169,0.707189042144546,0.72,0.790847229492261,0.793050298941364,0.775999631283543,0.794745130185301,0.630180416885619,0.747507865540652,0.624067544999072,0.738051809871235,0.776937748783724,0.707173484263785,0.787010414669989,0.820121951219512,0.759120446172738,0.713068181818182,0.681815836321887,0.766450216450216,0.80099447756925,0.809825195901145,0.800947915398043,0.854951071761417,0.785046728971963,0.85668271125957,0.770732378272002,0.671686746987952,0.736675020885547,0.839527663314575,0.875816993464052,0.833850976609597,0.792595226805753,0.812123995407578,0.763868654493654,0.765842144011901,0.806302729528536,0.824773413897281,0.852161338749558,0.816745221785065,0.824413817791301,0.856899073622623
