"","X1D01","X1D02","X1G02","X1G03","X1G04","X1P02","X1S01","X1S02","X1S03","X1W01","X1W02","X1W03","X1W04","X2D01","X2D02","X2D03","X2D04","X2G01","X2G02","X2G04","X2P01","X2P02","X2P03","X2P04","X2S01","X2S02","X2S03","X2S04","X2W01","X2W02","X2W03","X2W04","X3D01","X3D03","X3D04","X3G01","X3G02","X3G03","X3G04","X3P01","X3P02","X3P03","X3P04","X3S01","X3S02","X3S03","X3S04","X3W01","X3W02","X3W03","X3W04","X4D01","X4D03","X4D04","X4G01","X4G03","X4G04","X4P01","X4P02","X4P03","X4P04","X4S01","X4S03","X4S04","X4W01","X4W02","X4W04","X5D01","X5D02","X5D03","X5D04","X5G01","X5G02","X5G03","X5G04","X5P01","X5P02","X5P03","X5P04","X5S01","X5S02","X5S03","X5S04","X5W01","X5W03","X5W04"
"X1D01",0,0.642114920236406,0.782928361946933,0.767262238197956,0.75609771095113,0.861096849285402,0.787029508457929,0.751645441487519,0.754232911164275,0.716098617925204,0.743847016451831,0.772839511456265,0.725847746446766,0.624787332245118,0.582592543269963,0.697322014345883,0.725752547682558,0.854244742586161,0.755532446207599,0.774695272243404,0.819339516590422,0.820828969443102,0.847419668161149,0.780969745746917,0.864119398439408,0.871324517307874,0.791816729743936,0.810331564565773,0.788575949068686,0.783237421560178,0.821893446245176,0.683621825201408,0.842532245152899,0.881001215613503,0.762265960653209,0.825939918079338,0.818247234150312,0.840317237371113,0.826773544429433,0.886659181396365,0.871025025328285,0.87457197901846,0.864740191592088,0.874535538925859,0.873762803793859,0.87997374233917,0.871627961367369,0.849363554702803,0.818944906770287,0.874144441768876,0.838231470662538,0.686716685484596,0.738605574507762,0.752546650135104,0.703131113053379,0.73100971800584,0.708536220987455,0.836232476636023,0.850441458546153,0.793846544801932,0.836052073124257,0.836445149331042,0.837312539654659,0.812291383271567,0.800373570004122,0.853790062394182,0.729005117686859,0.800923644411576,0.842699308657109,0.711739563190919,0.8744822634206,0.829491779573808,0.826684723943392,0.806069958943515,0.828375543536849,0.86050811478405,0.911219996286907,0.834608698284601,0.884319324022514,0.858367435131572,0.844250664819073,0.911999598776178,0.832766807985453,0.856191089326473,0.830471876854683,0.870771623324144
"X1D02",0.642114920236406,0,0.867148408965419,0.845918252788199,0.810921924722295,0.660230622728775,0.821664687507472,0.569611416350698,0.531398829316249,0.75522021533642,0.768580888652307,0.795110036131615,0.601457495122518,0.553796671195003,0.545354832553814,0.61402597210925,0.655041001482947,0.756293860306301,0.605357250131613,0.726152631758288,0.771213301279825,0.740048392531656,0.792046066446997,0.713921675084932,0.77453455099401,0.766821140987998,0.790095861810372,0.755598800092229,0.714286649621757,0.680603998767416,0.752929072741542,0.674267593681706,0.800650808897929,0.849268703072257,0.739375873933394,0.738082859860698,0.722963641304433,0.773314902364288,0.728236195418179,0.827840875368174,0.81562784371715,0.817206335761426,0.81326519339911,0.815040827086166,0.828084579675278,0.831516684122603,0.799488539502768,0.803485507643969,0.768866589990031,0.829734469950172,0.766023939921184,0.561233129940094,0.729370290289387,0.748733874402996,0.725090602813571,0.695856690517544,0.647227577170245,0.819030852107004,0.85781651301012,0.794560189836721,0.834883619782752,0.838498821860954,0.82712729701558,0.789107148759103,0.725892842325045,0.859396945649041,0.742296979827234,0.863748672108458,0.840384170775212,0.826958365702762,0.860513470296246,0.752033257115644,0.752617910296741,0.771410478668261,0.766835032213704,0.835359178248151,0.876595808836413,0.824567575585808,0.862794446773436,0.827761722780237,0.801815973934624,0.870688478950691,0.825987448955504,0.787627313302804,0.799214687107796,0.812892433262784
"X1G02",0.782928361946933,0.867148408965419,0,0.378460139304329,0.429643076230916,0.893275973723542,0.532408191501939,0.820731724020616,0.821944603774901,0.528810970086254,0.501141191297819,0.509869139845126,0.626630442866689,0.895292927598534,0.869234429594174,0.779120213613326,0.818183293705363,0.874918610235825,0.775315611704845,0.747157318556515,0.763256123265778,0.841018643544887,0.870027463750663,0.839293068986804,0.83449578654421,0.843158585653492,0.674404739206692,0.745238688850952,0.773233148757776,0.75705192264094,0.88099304905632,0.729076950358922,0.817889828722034,0.868163657015906,0.83083210890369,0.840537642970914,0.824839503804059,0.846346730198731,0.847232165137135,0.867730837040629,0.852392419334916,0.887579851221841,0.865057521184598,0.850725524238432,0.889708616726177,0.908615558839759,0.868074682518851,0.788043614739062,0.820594106286433,0.807908920186579,0.821528222143052,0.816791369444932,0.628545371257081,0.588613716269448,0.426942841681866,0.551534322819402,0.637352222155699,0.676008743974034,0.55093785540367,0.816480107580557,0.794424278318181,0.553003535749018,0.766395133929161,0.758609549800697,0.649481602701936,0.508514595757703,0.596602976846089,0.90052686769043,0.833093611578478,0.856622062609459,0.841362694709331,0.84973555453784,0.831864051017775,0.775490178128986,0.827170677672564,0.82500360816962,0.902631004286127,0.832101952741922,0.889214404628414,0.857062815674146,0.848320500774876,0.846688513615082,0.867760186779114,0.813881700016693,0.772242424782401,0.796740988401798
"X1G03",0.767262238197956,0.845918252788199,0.378460139304329,0,0.373191148980261,0.873360532664529,0.617908551732207,0.799574038851748,0.792406453075757,0.647725421974171,0.676192171629339,0.673881587954462,0.706666138277996,0.873699127666733,0.840910208600591,0.736894293980301,0.798120512766216,0.863971087132752,0.758878952156695,0.737942960973931,0.783967055378569,0.801379940654123,0.857888410988729,0.818021053973348,0.841560472524641,0.831189238866253,0.667759478443971,0.734591654476616,0.758705350607498,0.775969164013145,0.860034775652085,0.690998078748373,0.813427412992306,0.873890075797215,0.838189417732815,0.82829643442895,0.817547473950307,0.835400648539712,0.833570472364219,0.864256127295605,0.860687986049121,0.877792645006455,0.853265016385503,0.846433211720373,0.888560785283657,0.904101077746155,0.870577355505988,0.79823345172641,0.805408319667948,0.813942498682216,0.815524726284081,0.818025719911074,0.757977751041905,0.742281520237786,0.517427720259305,0.622395369859545,0.669732839680903,0.782715564007934,0.665712388265917,0.817293682812796,0.761627664590255,0.729384194877079,0.813759034554071,0.784717408196049,0.734064174391871,0.721222379003515,0.661083515838821,0.900761924303368,0.836596405849623,0.865113014139929,0.845281504848488,0.835149872782373,0.826368453535436,0.779567567847784,0.82750681229118,0.838043323089988,0.908582607594147,0.830454623236537,0.884560260975547,0.850830261079114,0.846365161896112,0.855106955439414,0.870282592865415,0.83612020885045,0.815224445000152,0.8326138502288
"X1G04",0.75609771095113,0.810921924722295,0.429643076230916,0.373191148980261,0,0.859140893932003,0.597853331703208,0.732208509185004,0.761325511724471,0.581742722143112,0.617738647167595,0.664899226833047,0.671082748046693,0.853190013038734,0.835713536801389,0.70922336461731,0.749586546968028,0.82114371199973,0.72600366949434,0.68683123963577,0.756771213500724,0.779917590016019,0.810398567935084,0.79095464398489,0.829449212952767,0.831208443231982,0.640146287944207,0.701652453406862,0.714546731556281,0.755404674963899,0.839880567051977,0.678170645604635,0.795173213550263,0.858840539401645,0.81447654897981,0.80316696997945,0.768393677196107,0.81461451297006,0.801806554073642,0.851608710249751,0.838485268616562,0.863794717182178,0.84246516839452,0.838177277171124,0.867961176783489,0.888461552342419,0.8522157033168,0.790336145924599,0.791964066895702,0.789093739137519,0.797369320515304,0.793230515886739,0.755447634523592,0.741853022773742,0.510303017857793,0.590088936441477,0.654686961485062,0.780823912671077,0.67992747143496,0.814954904866589,0.764597713721259,0.734868521453645,0.813566801723857,0.788249446782989,0.728008973273814,0.735514983657524,0.652695186936811,0.886038831145793,0.822482462457155,0.827021058333551,0.848957751223858,0.823833631206105,0.809966101784237,0.770372216818615,0.811732061831755,0.840304776075484,0.90510887441392,0.846741869109461,0.874349631361305,0.858467713715751,0.842505115385676,0.86058011181489,0.855585764743626,0.803251567047078,0.800905385404229,0.826074088919351
"X1P02",0.861096849285402,0.660230622728775,0.893275973723542,0.873360532664529,0.859140893932003,0,0.770246922957152,0.584794154395577,0.481619435830711,0.806583128126346,0.847355082587461,0.847960839795462,0.699548552990658,0.808322817361311,0.794958703688499,0.763070634956479,0.767060855509197,0.757898739552027,0.651687043066763,0.766546706934579,0.71251546696398,0.714817233462811,0.797720801709467,0.730208999009539,0.74891119367718,0.711750736976597,0.761117170052473,0.72986904285068,0.732630832064652,0.730995101658202,0.766649676146887,0.753644009323444,0.758770557500627,0.81690122469179,0.730409352627062,0.754366196373981,0.760975610409877,0.744161270353162,0.753254884039425,0.74268138773143,0.743668104437135,0.715955130690471,0.747841160198335,0.734632924226367,0.760655167604187,0.759550624807437,0.733994866969632,0.750104306467149,0.743060354376372,0.771644020592847,0.748925357258085,0.754081757639325,0.828937608224391,0.83207511426182,0.794842403913785,0.755530276294998,0.729630196604488,0.744545109648325,0.847973936163523,0.763989283285905,0.769404182527217,0.817560506467486,0.729500736379558,0.757338301695275,0.732641442709171,0.879484834465642,0.776182955622707,0.857434469272702,0.846768967764607,0.834348878624835,0.825638091640126,0.737191048744713,0.752688542752014,0.739608573111157,0.775453988939162,0.754670750245395,0.788350057911669,0.786408055878189,0.782795815340439,0.752481506669144,0.706795787139565,0.799147495878826,0.762453027655841,0.699914453744973,0.734683460719899,0.703035103582097
"X1S01",0.787029508457929,0.821664687507472,0.532408191501939,0.617908551732207,0.597853331703208,0.770246922957152,0,0.725064079984238,0.717421750223079,0.574750760049499,0.572638302890141,0.638498154740545,0.67261593753529,0.883725399314277,0.847353193541217,0.778514725564024,0.768622244904248,0.768000688174755,0.732570682901248,0.723760866817414,0.626358421288886,0.734596315143544,0.807403885836809,0.75036011289406,0.748525850404862,0.724102408237736,0.574603218103128,0.665830413932334,0.71509715043698,0.703303411279475,0.822552094500839,0.718480537509816,0.763390515630852,0.842984489970844,0.781419185376964,0.815023893206547,0.799858887724412,0.801882367161946,0.823116531357516,0.764665199288367,0.75609296104691,0.776903381008919,0.763724853434865,0.757094844336818,0.807430174351166,0.795848818619449,0.754446637486111,0.76036688562356,0.771873705602086,0.773438454895546,0.780027007401557,0.787130876012469,0.708496707422393,0.673512437044768,0.587491184141855,0.618208320033353,0.677884266416511,0.511890497099085,0.398131622000312,0.677908434405409,0.573188028837616,0.522987153740593,0.447672653729743,0.538558347395548,0.669353182856343,0.676804311567158,0.643537734251083,0.881208743018891,0.815855411356368,0.805820238298755,0.791652002212513,0.814298538903052,0.80499667576994,0.757295027710039,0.798463448891493,0.711271471044792,0.809659932298581,0.736879090376421,0.789720096552078,0.685518136860384,0.722370240387695,0.751626563224638,0.739099565218024,0.770740400719161,0.740652661292542,0.761891651694802
"X1S02",0.751645441487519,0.569611416350698,0.820731724020616,0.799574038851748,0.732208509185004,0.584794154395577,0.725064079984238,0,0.367833946910201,0.676484363500133,0.799590554648151,0.845404391597172,0.6411002089724,0.740057445297153,0.756505964350502,0.605232431505721,0.60438560543423,0.670403287075912,0.585051352053509,0.605923828849443,0.737937500559919,0.67727098271625,0.684947056345817,0.621613695095437,0.768475835490264,0.751648077843238,0.705632430363,0.647768856735667,0.695969879579275,0.672092926419648,0.7223531918792,0.652950882096014,0.792538000661473,0.828712534499658,0.775006304766266,0.696484553138415,0.669641797232052,0.731288773292993,0.68423776360217,0.792682514970624,0.787260225185745,0.783125902550821,0.784166379801677,0.780214768364995,0.772818852459301,0.795277688109164,0.770849343021588,0.779923022884815,0.746805921952174,0.81571047178112,0.760278946973809,0.735143209486633,0.829718196936849,0.820934963670793,0.675990906018206,0.638877441181781,0.641006004091569,0.772894613809565,0.859974398934372,0.786444776763237,0.764965049589747,0.836054750743827,0.762128995582146,0.795256138249237,0.744379522595033,0.906959683139449,0.753637626685711,0.85440379427541,0.855676636356261,0.823032851153568,0.8618992341489,0.731183069122915,0.754895498454912,0.764310896587111,0.755469715095431,0.804989247152327,0.831721769990832,0.822985282582602,0.809285949536,0.805270744331708,0.779908780767113,0.854901721714153,0.795346135519495,0.777057787835387,0.819385033850769,0.82063957619333
"X1S03",0.754232911164275,0.531398829316249,0.821944603774901,0.792406453075757,0.761325511724471,0.481619435830711,0.717421750223079,0.367833946910201,0,0.742166535364827,0.805136878431425,0.834821794196983,0.602362528707926,0.736597367183401,0.74425889274166,0.598117939949535,0.649197693851681,0.706290938794498,0.557725773029797,0.635097135365634,0.716616668463933,0.67018997904373,0.721812717671142,0.629991308163798,0.769828765493633,0.734037343190462,0.712128473068325,0.66967390569665,0.704995921888157,0.668777789483914,0.721350153832034,0.660982990679799,0.768168347564082,0.809906108580957,0.75573290454389,0.677505021307552,0.671279732233406,0.707230927115831,0.664550488095967,0.777395925100121,0.759035818211881,0.751049848510274,0.754053780966254,0.761311336727856,0.76219940759782,0.773457153713518,0.751054051386848,0.777063716617397,0.7439030624688,0.792479205779828,0.75095923454467,0.728637290490538,0.815787521318151,0.809500585527145,0.664921272804985,0.614109387549275,0.598887475614396,0.735526475619484,0.837292431515109,0.756162914627972,0.738212395420574,0.826277965943521,0.732426266179461,0.761634399797792,0.726520748169089,0.878030345556287,0.7492800545769,0.842966959842233,0.841612254702187,0.824621997631465,0.842577578505935,0.694683821564095,0.715542939860705,0.734640920374866,0.736716695584166,0.770687372337821,0.809662271854201,0.785661819665004,0.792756142797515,0.771908076922788,0.740748176318436,0.829440115879903,0.768383740533954,0.765365217676551,0.789738566973976,0.794737751759726
"X1W01",0.716098617925204,0.75522021533642,0.528810970086254,0.647725421974171,0.581742722143112,0.806583128126346,0.574750760049499,0.676484363500133,0.742166535364827,0,0.42319208590548,0.451322501146263,0.519429344076194,0.829909005106124,0.787615745145008,0.728493189019751,0.692021183584542,0.778391359584449,0.699095152419076,0.701032900919809,0.724496239250378,0.774714873552345,0.786394474337796,0.761334463722918,0.776009562973661,0.778846195110411,0.640831811877383,0.717128765515445,0.710774439585296,0.665455647163186,0.814367451783075,0.705978604815142,0.800491160650148,0.861573980825549,0.780335715863541,0.797794037882125,0.754696105561019,0.810155902571865,0.797343609068117,0.84704792707864,0.825195852621873,0.853639116925052,0.838349801610444,0.828309541178985,0.855527215148227,0.880450718055853,0.831727436812428,0.76049850806824,0.782390587147893,0.783220258655461,0.777046156003383,0.72602346320735,0.547087104823079,0.530741909160705,0.565224256630072,0.571395083273769,0.615276833757051,0.686931628854725,0.643437727493143,0.794837581223569,0.815108789438258,0.55801842702411,0.753206550599496,0.736441861707929,0.619527329996724,0.544043842781226,0.570088628362808,0.878786463459507,0.821795406932992,0.826676635083525,0.847974859219152,0.80586452408269,0.785966638089649,0.743047419401809,0.782976577172469,0.822321498914088,0.891181053712429,0.830789814016841,0.873889813094585,0.834699303857511,0.82840852777606,0.857212570275059,0.840959473996672,0.757793993557398,0.742728048469814,0.782014322008192
"X1W02",0.743847016451831,0.768580888652307,0.501141191297819,0.676192171629339,0.617738647167595,0.847355082587461,0.572638302890141,0.799590554648151,0.805136878431425,0.42319208590548,0,0.381076212786251,0.574725511929405,0.82083717540951,0.773253271154698,0.78403225329566,0.761268284268603,0.810190206570234,0.773024871831669,0.762131224522668,0.720755471593528,0.800879013699405,0.837381959524719,0.821449671197231,0.7792599148544,0.797279158736351,0.695615622014821,0.766142404952769,0.739168357261116,0.692332570504002,0.833532850955082,0.740470878446632,0.804004622613781,0.859535563667507,0.783228637303234,0.818028229095172,0.804057945024438,0.823410790261661,0.822760633751598,0.855120783526496,0.833884180612533,0.860063972199094,0.840156007587202,0.836209984042462,0.866925042729265,0.88709378238069,0.839343001911974,0.766072480733727,0.794498300022634,0.78775258209978,0.787099679593096,0.741435902989309,0.518360418816196,0.488303524461409,0.602927028968695,0.615525967362235,0.678056611798606,0.670864323659584,0.586623285890185,0.795478966580325,0.809930690951299,0.522232025222175,0.74808807770576,0.735947627626835,0.623083061980809,0.434178639943091,0.574592584501277,0.886263513786984,0.808057629186436,0.817311342158454,0.839981647298161,0.822452082760319,0.798105400374502,0.769359900813974,0.803069015484861,0.819082847050197,0.890409785035414,0.827400711224986,0.873005103637575,0.841606702399459,0.824391418252354,0.846225966691766,0.842675119324924,0.766811966237953,0.738408688803869,0.77866397719847
"X1W03",0.772839511456265,0.795110036131615,0.509869139845126,0.673881587954462,0.664899226833047,0.847960839795462,0.638498154740545,0.845404391597172,0.834821794196983,0.451322501146263,0.381076212786251,0,0.560453877936026,0.852394763814759,0.799617132329591,0.809538230598395,0.806650207444437,0.859453214874612,0.785242812603392,0.816638671138745,0.72324397492905,0.822398532426572,0.875553145145796,0.846811959915426,0.797142961901874,0.7974746271707,0.732083545503782,0.811262265069716,0.774395873383383,0.713275318229843,0.858705932629216,0.7846500174935,0.810734693635734,0.863342692626899,0.7786930646757,0.846364857337001,0.827017411792112,0.841858548826493,0.843234468982844,0.856674924125156,0.828070027484334,0.859819272700658,0.83399065518909,0.835826932165276,0.875483666919399,0.891495394168921,0.839636790648782,0.786484443836109,0.805821996750815,0.783941003703413,0.801009638105101,0.720749906110597,0.455515616428538,0.42913082283443,0.611606533001447,0.640060005338215,0.673924931309186,0.663710974507263,0.578698561258695,0.791200261456402,0.818061749414806,0.468508312888778,0.725226409482458,0.713143299627785,0.633572897989572,0.346745680599996,0.585699659745863,0.878751234420949,0.80020412756969,0.837939065757664,0.813354487547771,0.835863494262828,0.803588543437285,0.767370686853351,0.80450507486088,0.805652086153124,0.885993071540948,0.809141795609723,0.880364539917645,0.832428683964322,0.825941927520795,0.835477982095332,0.849135517664456,0.772623432661783,0.733122397576225,0.775494812945765
"X1W04",0.725847746446766,0.601457495122518,0.626630442866689,0.706666138277996,0.671082748046693,0.699548552990658,0.67261593753529,0.6411002089724,0.602362528707926,0.519429344076194,0.574725511929405,0.560453877936026,0,0.728364082215806,0.709800641276959,0.687967687379833,0.708275271337125,0.783086587991109,0.638969240889813,0.694685267675939,0.693665933270082,0.727453116020373,0.805058508903228,0.733396418322458,0.755845929782842,0.744474803661692,0.719866946923303,0.741772262980876,0.694757071059696,0.634111282177933,0.784238957266672,0.696123871184831,0.769091111197666,0.843530884132591,0.751237929419735,0.761704019452315,0.736398144794948,0.773517674101305,0.75631150171471,0.822898442773252,0.804739755092261,0.823224777169633,0.807291887106228,0.805844116148922,0.841351639784898,0.852319358196425,0.807588254106908,0.757385309864552,0.757185545775405,0.775967261664897,0.757395543351597,0.65026943352638,0.588855281010364,0.590201697690012,0.560109748608804,0.570236751613381,0.551371539305953,0.688217901021907,0.678130580075815,0.772390692871611,0.779778808117472,0.635126461419194,0.746751205516565,0.742155561492594,0.627675267862481,0.630024478277144,0.59731398176692,0.85212826952406,0.824276866042656,0.830808837206038,0.825972904384348,0.771514393003485,0.756315911350812,0.7303751060934,0.773649084584819,0.784942263570804,0.865075713236611,0.786492069952109,0.851004224188829,0.806216317870581,0.795482780725552,0.8355320882278,0.807417915806166,0.754965797202921,0.740807424022973,0.76890290291911
"X2D01",0.624787332245118,0.553796671195003,0.895292927598534,0.873699127666733,0.853190013038734,0.808322817361311,0.883725399314277,0.740057445297153,0.736597367183401,0.829909005106124,0.82083717540951,0.852394763814759,0.728364082215806,0,0.393910932649558,0.62813368960868,0.67783632442349,0.814164861930814,0.708358381690367,0.76173814778167,0.845946297023373,0.802295893333099,0.824703305324153,0.74406507516598,0.863863112834627,0.862280401027478,0.845201057644495,0.825482207710841,0.719363501107255,0.70186033787208,0.746727739843353,0.65650240611358,0.818778920116503,0.870484893110564,0.680039691489855,0.79531842553642,0.797177891118811,0.837929943200369,0.798897932461204,0.88553444976671,0.88641616505555,0.878783643286585,0.882831272494976,0.875650558216112,0.869315364407282,0.879114024472365,0.873947684993749,0.822248038557992,0.790293123210869,0.877779458449922,0.789660772040304,0.515129123177983,0.719790303618376,0.773138262536078,0.79259581502519,0.762504226332696,0.742050759505997,0.885265292993112,0.913604045406106,0.858611441609135,0.868172130909638,0.891043370466301,0.883971922346897,0.856010555255617,0.712984413269365,0.907181833964344,0.727797738045003,0.829011432288961,0.85213493459363,0.771303454541017,0.876912752598637,0.827323025075072,0.840129803877435,0.857226090300901,0.854572421529256,0.898035691556849,0.92078232370334,0.885602522457495,0.895052822366039,0.890983199064007,0.866478053420477,0.926589651723209,0.878292023063834,0.796120635873895,0.822125059587342,0.829967193029563
"X2D02",0.582592543269963,0.545354832553814,0.869234429594174,0.840910208600591,0.835713536801389,0.794958703688499,0.847353193541217,0.756505964350502,0.74425889274166,0.787615745145008,0.773253271154698,0.799617132329591,0.709800641276959,0.393910932649558,0,0.609549704695176,0.672395419793832,0.802028218124932,0.705084523262486,0.769099514476228,0.800420104363204,0.787085141259344,0.848118153821964,0.746874518760644,0.822415234499158,0.815746376481852,0.807803172887392,0.809017152461902,0.716799213735342,0.697687197302625,0.759740700313574,0.631758296747306,0.794389988381942,0.849541826355954,0.679034655939001,0.803637383982971,0.803761270147447,0.827490001413395,0.808231702166778,0.854605228462683,0.859265968486852,0.855056575340686,0.847268239945557,0.846139685670377,0.85135145014795,0.865134410482036,0.85246591324314,0.805813202584639,0.774111378515919,0.844982253877901,0.79466583892003,0.551388215256575,0.682996454297942,0.729769578909216,0.750623998528184,0.73881248107164,0.716090661711219,0.840690236585173,0.865490614584751,0.812305849358286,0.819989563588628,0.84604617224032,0.839091969967079,0.816074424910299,0.723673089497652,0.866994947167636,0.679456087567915,0.806729705540228,0.80384865198927,0.740940927720056,0.83603435557893,0.821076215868151,0.827631667547818,0.829015230677737,0.829814295512479,0.855542789022842,0.901003624205548,0.83760858558891,0.877480361228723,0.852281852853896,0.823997747794896,0.887924972153637,0.837185450281921,0.799043452995336,0.797026048550003,0.819446725441935
"X2D03",0.697322014345883,0.61402597210925,0.779120213613326,0.736894293980301,0.70922336461731,0.763070634956479,0.778514725564024,0.605232431505721,0.598117939949535,0.728493189019751,0.78403225329566,0.809538230598395,0.687967687379833,0.62813368960868,0.609549704695176,0,0.438954884764156,0.629608357642425,0.523741361055591,0.517412818912049,0.762192072037295,0.661803143844115,0.684955327135271,0.552947620822737,0.805077547948156,0.783237634487845,0.682750011093598,0.633640947124578,0.609583310812631,0.559904493283071,0.624115030243015,0.507893932406649,0.707528430915144,0.752078994327955,0.687483369796573,0.573855618061454,0.563739230923069,0.625677890634408,0.557782831715716,0.77454182837539,0.77212511381325,0.758691045796473,0.755816038178794,0.755032942034566,0.753581134887021,0.780981290282596,0.744584423005156,0.703950590463973,0.681119837415958,0.760227669484057,0.705608420077081,0.671172644280403,0.754418470992054,0.784016308607956,0.604515172891912,0.537006061573669,0.574828124280025,0.815351181422877,0.859417828550504,0.787587102622561,0.802937103211589,0.846220437317471,0.840137859055583,0.791864457163166,0.661747529516361,0.874464851226131,0.698189896821775,0.783030837402738,0.801832847346043,0.802985938596923,0.825520240127245,0.595127036987377,0.65405512162357,0.685660421339229,0.678828055425053,0.82546008549344,0.835861376014268,0.817390836330641,0.82285804449507,0.807505960489931,0.767384283736207,0.85281271971305,0.789575170074983,0.729883716191954,0.76787651122174,0.77120537686671
"X2D04",0.725752547682558,0.655041001482947,0.818183293705363,0.798120512766216,0.749586546968028,0.767060855509197,0.768622244904248,0.60438560543423,0.649197693851681,0.692021183584542,0.761268284268603,0.806650207444437,0.708275271337125,0.67783632442349,0.672395419793832,0.438954884764156,0,0.518022453932663,0.535886136756837,0.502526604415889,0.75588366544345,0.682339563756115,0.581953219950028,0.520624391292754,0.749789255480735,0.770697255895662,0.660937685130306,0.612383801666083,0.570807446847355,0.559580591228872,0.598493988530794,0.522155374579673,0.743031753251205,0.774017256304297,0.682807213849666,0.617715300330429,0.543579515042382,0.675276056949521,0.59801616747863,0.787647971863562,0.756680572358203,0.779546598205585,0.800952958132816,0.763781870961915,0.754451306594639,0.790372490425191,0.742608402017445,0.719752591390116,0.674422813950271,0.776370566484774,0.687777110422314,0.697522210731588,0.786081638889104,0.79555621393907,0.690918187736024,0.621093299297418,0.673268082321299,0.830031476357446,0.847569770382522,0.796227591244222,0.854306966886885,0.833398286690646,0.838783066811698,0.796763074223982,0.693775707894278,0.854490763182933,0.72495979778885,0.81321017192533,0.85067268111341,0.818156444836712,0.83987905230704,0.646857805076978,0.701939297685977,0.724435682416179,0.720990374098513,0.827528912858566,0.865359097625918,0.831849622600374,0.856290688680428,0.824122035834683,0.785608772216291,0.859592537515086,0.826432388645999,0.743781025080103,0.784098014095451,0.782554705070811
"X2G01",0.854244742586161,0.756293860306301,0.874918610235825,0.863971087132752,0.82114371199973,0.757898739552027,0.768000688174755,0.670403287075912,0.706290938794498,0.778391359584449,0.810190206570234,0.859453214874612,0.783086587991109,0.814164861930814,0.802028218124932,0.629608357642425,0.518022453932663,0,0.587487761657917,0.526815162057889,0.714917573036821,0.647343712459644,0.581080269522811,0.577761829844244,0.663936759805948,0.701351067496637,0.661851156497057,0.580694715856866,0.622523997434382,0.574088640290412,0.564969892825428,0.629058258246294,0.727544774263382,0.743781577079163,0.754510915703253,0.59917407486215,0.564138888859988,0.649767097177109,0.583298541066054,0.718443762307011,0.740610469381501,0.722832417993501,0.753058512711722,0.700271806050308,0.681495608975242,0.718679467591957,0.684118640310921,0.694588161689834,0.676186423778957,0.768145036589848,0.670128147157584,0.838080806485823,0.858053198860013,0.865430884699774,0.789168454759154,0.711152918190229,0.759738437698079,0.782845616741137,0.814043339531872,0.758017998937764,0.789596851875124,0.832760448860045,0.809019577620709,0.750438817903136,0.720298835474205,0.883197533908998,0.775822963813353,0.814979652085495,0.86782049100497,0.852062214614032,0.812560149495961,0.622960602832809,0.68722710509419,0.734096357223424,0.73474339497812,0.779666579520581,0.810742857854706,0.808298539758821,0.801306388428052,0.740855758667545,0.756371508275811,0.776569198134928,0.785739540173662,0.718226938525336,0.770616294700949,0.752054548198981
"X2G02",0.755532446207599,0.605357250131613,0.775315611704845,0.758878952156695,0.72600366949434,0.651687043066763,0.732570682901248,0.585051352053509,0.557725773029797,0.699095152419076,0.773024871831669,0.785242812603392,0.638969240889813,0.708358381690367,0.705084523262486,0.523741361055591,0.535886136756837,0.587487761657917,0,0.530002813033227,0.671433919841588,0.590635342700687,0.676402632369503,0.553949874255749,0.70215941860308,0.663645639687485,0.639060937631473,0.597904415885692,0.582532605939317,0.551779749198933,0.645607444613647,0.612300566658077,0.693188239447837,0.783000968470923,0.684632689247024,0.602178412051005,0.601855699654129,0.641996093102606,0.594677426930713,0.715415420320354,0.727467565401174,0.718876981370826,0.707297933139617,0.698113010378746,0.737772268477493,0.725752773443638,0.670777434551525,0.699555872425019,0.669961596695852,0.73406329591135,0.671985034405869,0.694216312941189,0.763934111949037,0.770834339555057,0.620904666410387,0.54061734354315,0.526593048402198,0.70550934501496,0.805553715152113,0.686691209348427,0.749230290822545,0.751979986808981,0.744084322438627,0.689102461830931,0.628341891848517,0.83877924526936,0.693428891361974,0.787454501403624,0.812342717120022,0.807723832926044,0.81245163562168,0.599245997959392,0.634370330192754,0.610087363635689,0.670425447540838,0.720840512397785,0.787184265979122,0.729358115319089,0.753561139688138,0.711356688158344,0.69448875596142,0.764823927720984,0.735082522895805,0.683942487768963,0.72385549289152,0.715894439761065
"X2G04",0.774695272243404,0.726152631758288,0.747157318556515,0.737942960973931,0.68683123963577,0.766546706934579,0.723760866817414,0.605923828849443,0.635097135365634,0.701032900919809,0.762131224522668,0.816638671138745,0.694685267675939,0.76173814778167,0.769099514476228,0.517412818912049,0.502526604415889,0.526815162057889,0.530002813033227,0,0.702243465249285,0.615828753447857,0.60757326155778,0.522359656908693,0.755416539559141,0.730622340025791,0.578155249441209,0.537804567632721,0.594901270189971,0.580583152334622,0.629465882460196,0.539258435045925,0.63821301765767,0.697145031303997,0.713862872695124,0.51526188412012,0.523592761489697,0.571550252259642,0.50154159822332,0.715435357940538,0.704960802188216,0.700486460167413,0.688326007984677,0.658893384473476,0.682562318010547,0.723933358098506,0.680435065100172,0.627610437278913,0.612384589776052,0.681163883607289,0.64855272883146,0.763502686382454,0.80293778687607,0.796208373531157,0.586356966778375,0.493576584385227,0.577812677730421,0.738043602048821,0.79934332796742,0.696540548478645,0.729331662758265,0.756498909802829,0.787398261713064,0.741653935871743,0.645712262630289,0.846265640804644,0.6740667734039,0.743054786583869,0.778587352408834,0.77359203354903,0.749057222581093,0.548384878180584,0.575516941576991,0.646420869785164,0.639447519013055,0.752152083499749,0.778471763641009,0.747558450515188,0.749958680619176,0.73020235201749,0.713863994665042,0.764590718357724,0.722301058055635,0.6516950335675,0.69753419508664,0.705801604307437
"X2P01",0.819339516590422,0.771213301279825,0.763256123265778,0.783967055378569,0.756771213500724,0.71251546696398,0.626358421288886,0.737937500559919,0.716616668463933,0.724496239250378,0.720755471593528,0.72324397492905,0.693665933270082,0.845946297023373,0.800420104363204,0.762192072037295,0.75588366544345,0.714917573036821,0.671433919841588,0.702243465249285,0,0.497929230513424,0.721723422782552,0.585166349580745,0.453345402120492,0.410538755524959,0.410405859480136,0.534418042359275,0.68030625231004,0.5924963799167,0.748949331184588,0.718031056621697,0.641452036609084,0.69029579027058,0.618689900631323,0.720138987803814,0.732786638671968,0.676992978100496,0.719885667307249,0.536054664220888,0.582625644467849,0.551999769183916,0.519133809895761,0.557570048929944,0.604893159630188,0.598368510120483,0.555716431989948,0.678575495465329,0.660818265744313,0.664243707193545,0.633679544627098,0.733849746809411,0.695973363269997,0.658346577826127,0.653038030111874,0.64675880031609,0.65105812751898,0.531089527037799,0.655411711725026,0.507785399892545,0.59376286556557,0.614699996434428,0.611887464081914,0.555539084736549,0.635766681490453,0.75496805004302,0.644153086429121,0.779552430965626,0.750108935610414,0.671447595431899,0.707751564636575,0.694465794178368,0.683071400592366,0.678936510953275,0.708850584061554,0.5485017050633,0.579043425220372,0.619727428727548,0.575132430150824,0.553722828351848,0.560954369224137,0.496236699053859,0.582193512177063,0.619919715552362,0.639737325488192,0.60655525010551
"X2P02",0.820828969443102,0.740048392531656,0.841018643544887,0.801379940654123,0.779917590016019,0.714817233462811,0.734596315143544,0.67727098271625,0.67018997904373,0.774714873552345,0.800879013699405,0.822398532426572,0.727453116020373,0.802295893333099,0.787085141259344,0.661803143844115,0.682339563756115,0.647343712459644,0.590635342700687,0.615828753447857,0.497929230513424,0,0.655887284143926,0.485116385437708,0.531805037756845,0.495990925709743,0.501087420403175,0.523936197846027,0.614538943210674,0.562499551652716,0.679115199745796,0.641057904596509,0.667348019346648,0.702088212162962,0.692553194459249,0.630111432891029,0.657286397540344,0.616040152932851,0.622144190700135,0.559090651764268,0.605904162642363,0.597662400955819,0.577830647953845,0.569710235037818,0.601609565622342,0.599919965484489,0.562608330580891,0.659610067537541,0.642682303656564,0.689683481527311,0.651012018720725,0.792500448510251,0.811821269578219,0.794695390206343,0.675122136252945,0.603972854761396,0.635827330211575,0.687132827211788,0.803678123854199,0.62439055706106,0.670185999784706,0.758592274537763,0.752975263247113,0.661409642975492,0.654437395461842,0.873272985566102,0.69025127708019,0.763685504195986,0.783086293887856,0.731301089755673,0.746897591801707,0.605189160749248,0.63675550364541,0.650810966227271,0.648215353302363,0.635746218227597,0.623479936929488,0.701364585008769,0.629774719652722,0.621673251339534,0.599519769022864,0.642437272924277,0.662662753796689,0.645723236299811,0.718288572076986,0.677275731035215
"X2P03",0.847419668161149,0.792046066446997,0.870027463750663,0.857888410988729,0.810398567935084,0.797720801709467,0.807403885836809,0.684947056345817,0.721812717671142,0.786394474337796,0.837381959524719,0.875553145145796,0.805058508903228,0.824703305324153,0.848118153821964,0.684955327135271,0.581953219950028,0.581080269522811,0.676402632369503,0.60757326155778,0.721723422782552,0.655887284143926,0,0.531682209925816,0.689437230055038,0.722633499600995,0.660423721658042,0.578761215443946,0.671559297694889,0.684920996631882,0.621877271654985,0.674391266932391,0.764683298161468,0.725676079008409,0.765889087095337,0.660390832348198,0.616780675836904,0.671058073163681,0.649263132090995,0.712035815472733,0.701312867963267,0.709766688583293,0.744956142942216,0.707727811788978,0.671369820580179,0.722070234270345,0.700676492154054,0.743450684481569,0.688513579192983,0.780671736671656,0.702999565092899,0.85557652669023,0.884919375391725,0.883313714662469,0.79402511051631,0.733275592344586,0.781607360562347,0.787069470064373,0.84492733086584,0.742218089260418,0.80226490729545,0.864855583428102,0.871464034550246,0.819610728694494,0.775944395556384,0.905234720170402,0.7994096643236,0.874840166725496,0.879402840989775,0.85021005841392,0.832703605180908,0.692569686597356,0.729309619414112,0.779042185796641,0.766369642761286,0.794059043143413,0.76879640995596,0.828820047245203,0.759312827635279,0.783860423498553,0.767486807876625,0.776817699529652,0.782932954924021,0.763544691443004,0.799493953489379,0.779950281041554
"X2P04",0.780969745746917,0.713921675084932,0.839293068986804,0.818021053973348,0.79095464398489,0.730208999009539,0.75036011289406,0.621613695095437,0.629991308163798,0.761334463722918,0.821449671197231,0.846811959915426,0.733396418322458,0.74406507516598,0.746874518760644,0.552947620822737,0.520624391292754,0.577761829844244,0.553949874255749,0.522359656908693,0.585166349580745,0.485116385437708,0.531682209925816,0,0.596800909775881,0.609417070407702,0.558096180251733,0.50338353773156,0.609519760022109,0.555601408282733,0.627004214187949,0.568524742315749,0.674316170308986,0.694753111951431,0.673886621835322,0.59177930236427,0.588288987620036,0.624596491077984,0.572671410479302,0.651517026413527,0.664215591878639,0.642373146076694,0.672456848055471,0.653413597519438,0.638522702651007,0.672382439457654,0.662799101226989,0.662705256433955,0.624334024690101,0.734929166692904,0.636783625559282,0.777937865103439,0.819601154787528,0.839775554089844,0.695749904299184,0.624051699188875,0.656753299334895,0.728763016286401,0.825363459927414,0.692984540370497,0.729657146470985,0.819785657878515,0.788779374867965,0.743545682384805,0.688849517319139,0.896440382416879,0.748139618840518,0.807796772236066,0.84125140899247,0.792161961255742,0.784953779469185,0.627630046634561,0.670136665784667,0.708832874292995,0.704900549305938,0.700949067637897,0.731263445018422,0.733213550636282,0.713737729490361,0.715225172975723,0.709234357056178,0.73205357379121,0.718103220577236,0.700119908685318,0.771412871744961,0.72472261300876
"X2S01",0.864119398439408,0.77453455099401,0.83449578654421,0.841560472524641,0.829449212952767,0.74891119367718,0.748525850404862,0.768475835490264,0.769828765493633,0.776009562973661,0.7792599148544,0.797142961901874,0.755845929782842,0.863863112834627,0.822415234499158,0.805077547948156,0.749789255480735,0.663936759805948,0.70215941860308,0.755416539559141,0.453345402120492,0.531805037756845,0.689437230055038,0.596800909775881,0,0.392435082846379,0.495240791859449,0.52879694982213,0.683526639307274,0.63957776031009,0.730008385795698,0.751006143089526,0.714084166488821,0.733786406051936,0.680583484318766,0.750008145606765,0.749521888786723,0.719894191598602,0.749061832384363,0.562137610441374,0.615152172475825,0.602571168024769,0.61799160500473,0.57030756259584,0.591117453271745,0.599792559454821,0.555498656295679,0.703075308276838,0.682765405936719,0.732100926385173,0.649691083844085,0.813155233208323,0.784655783972861,0.780820294167786,0.783455318288592,0.760419466931741,0.764806144321193,0.71119813052699,0.796306575623987,0.656684068259297,0.757313815102497,0.755011803526282,0.747095217223325,0.671363606396858,0.705615991064832,0.80762952404579,0.721453971214683,0.844925034482326,0.836645825226894,0.76461817752025,0.793634176702596,0.715980984237599,0.704346544137778,0.7176713541571,0.744058024089084,0.649890633292498,0.641488682276311,0.719989578956002,0.676015215765427,0.640781244055248,0.617642179468874,0.619023703985847,0.677738322188497,0.664947647017661,0.70909369050191,0.655231627748178
