"","X1D01","X1D02","X1D03","X1D04","X1G01","X1G02","X1G03","X1G04","X1P01","X1P02","X1P03","X1P04","X1S01","X1S02","X1S03","X1S04","X1W01","X1W02","X1W03","X1W04","X2D01","X2D02","X2D04","X2G01","X2G02","X2G03","X2G04","X2P01","X2P02","X2P03","X2P04","X2S01","X2S02","X2S03","X2S04","X2W01","X2W02","X2W03","X2W04","X3D01","X3D02","X3D03","X3D04","X3G01","X3G02","X3G03","X3G04","X3P01","X3P02","X3P03","X3P04","X3S01","X3S02","X3S03","X3S04","X3W01","X3W02","X3W03","X3W04","X4D01","X4D02","X4D03","X4D04","X4G01","X4G02","X4G03","X4G04","X4P02","X4P03","X4P04","X4S01","X4S02","X4S03","X4W01","X4W02","X4W03","X4W04","X5D01","X5D02","X5D03","X5D04","X5G01","X5G02","X5G03","X5G04","X5P01","X5P02","X5P03","X5P04","X5S01","X5S02","X5S03","X5S04","X5W01","X5W02","X5W03","X5W04"
"X1D01",0,0.775,0.515576889811451,0.565489934166587,0.771201083403381,0.752727272727273,0.76391223568964,0.727922077922078,0.758492500961415,0.78916726532567,0.808,0.78586125808348,0.750527426160337,0.825640516153163,0.79622641509434,0.779659213438511,0.661537778698347,0.709940750493746,0.706573505919589,0.691119691119691,0.865533230293663,0.836151330412142,0.859060402684564,0.883437422450161,0.914464380712869,0.904335584305344,0.912784164577751,0.894210738031154,0.917898202145442,0.923076676907322,0.922877761656083,0.89206086458267,0.907142857142857,0.934562666610693,0.927652733118971,0.878536001008785,0.865158700486039,0.878761250465996,0.873340805203938,0.875510748653291,0.866602192134107,0.925164022022916,0.888557103593578,0.906203862877945,0.90947704465091,0.917782716091109,0.8629966047402,0.923828125,0.924752475247525,0.925604263455879,0.91796875,0.931529718480573,0.940807127275535,0.944550466497031,0.930402696945809,0.905825940318205,0.896022799737077,0.916130952380952,0.88162270175724,0.607885674931129,0.543825396825397,0.594890510948905,0.641329462195604,0.833848113561228,0.804804804804805,0.848353443941679,0.832844574780059,0.824175824175824,0.892102658021086,0.888734138037759,0.886821037073531,0.815620490620491,0.89467783809299,0.782557302908829,0.724590163934426,0.865236611416665,0.525765306122449,0.828332833283328,0.883268482490272,0.794991868644317,0.917279710066533,0.869905155044474,0.903914750756872,0.864336353819428,0.896416406471757,0.948528716056391,0.936334684423856,0.923374905517763,0.92056593751509,0.923619398037656,0.93824385890752,0.924823288840227,0.930651738996614,0.887429247275492,0.903225806451613,0.855737704918033,0.900191570881226
"X1D02",0.775,0,0.790266185427476,0.800948000381896,0.788627501314068,0.744073981660533,0.786419963897156,0.759580518443375,0.815573253158601,0.824603881075307,0.870573677619417,0.852939939308356,0.84898421141984,0.840500709227122,0.83216143537295,0.835642503014873,0.75417661097852,0.806138427810836,0.791717110573043,0.781107422653034,0.75532508032508,0.758209247823491,0.737538691199594,0.743813682678311,0.80125786163522,0.758270576884474,0.777415250264529,0.751211315230614,0.788048336956743,0.815586039366985,0.796310475866372,0.75279118217917,0.761086282138914,0.804733893557423,0.787294388618251,0.713063538580052,0.693743169831641,0.74265498442926,0.72884012539185,0.787552412489738,0.775341038272073,0.825069218731191,0.79367676700556,0.737693217989194,0.753403933434191,0.787698680715025,0.705302819728836,0.820958569825586,0.83059183828065,0.826473393194953,0.81101055440325,0.833704488832554,0.845447499426313,0.859728187675172,0.829590577570354,0.758275453360199,0.730428279585583,0.780159034104652,0.7294802034486,0.760290556900726,0.741822251337482,0.713794233289646,0.761125098045669,0.635617654321812,0.686567400267851,0.658263007392942,0.674391750362533,0.730261639091959,0.761639379510531,0.798345353900909,0.819978077016395,0.697002432622751,0.755494579218549,0.531216397849462,0.63824566192703,0.735293791973248,0.794642189765745,0.804152065413614,0.862108453816997,0.743212530712531,0.882979436933035,0.769229755238487,0.762648990925098,0.729324158428636,0.83048356773994,0.896389069616135,0.866523105737492,0.824849827425992,0.835081214689265,0.826676345159241,0.841186736474695,0.846311587351612,0.853387071708422,0.839655958077011,0.783656597774245,0.769505052311544,0.863309352517986
"X1D03",0.515576889811451,0.790266185427476,0,0.574800702113655,0.75406746031746,0.714013086150491,0.7074720959074,0.700933534574319,0.697109407376709,0.7875,0.742670744138634,0.744888205469205,0.689193302891933,0.815296247302096,0.766666666666667,0.733469945355191,0.588593521837249,0.670279051987768,0.639307706661691,0.617654850845123,0.874605330464078,0.855098389982111,0.875520184557292,0.885576753223812,0.919169300299661,0.909527030836011,0.908910805636632,0.901291622835238,0.911985018726592,0.924770642201835,0.91858407079646,0.900365661265308,0.908345087238036,0.938150177280612,0.928399616798716,0.88597842835131,0.866119747167245,0.884750719305693,0.877426278462113,0.876042318115489,0.870810558462526,0.924640324912232,0.887733483223798,0.910104119167047,0.910486056193887,0.923205128205128,0.862068965517241,0.916579679888657,0.918833758083251,0.923074734661983,0.914085828343313,0.928819591048917,0.938476641567484,0.944497556830253,0.927911275415896,0.916382252559727,0.894785395222373,0.920190789011322,0.879812301189594,0.618945464860648,0.533057851239669,0.625454545454545,0.663433434797753,0.824281838638261,0.794705415553749,0.847682119205298,0.823255389112167,0.795107033639144,0.889289851714551,0.876656829243036,0.888394755492558,0.793430886515794,0.895348837209302,0.793824992683641,0.713298646745746,0.857614332861858,0.486783884489986,0.832167318982387,0.875759719587099,0.798335481576959,0.911275112751128,0.86563631945007,0.90729999140672,0.852852852852853,0.880478087649402,0.934108527131783,0.931034482758621,0.916325378303094,0.914607673868951,0.920827694280219,0.933182289368079,0.91879680885705,0.922077759824091,0.87376676729638,0.899328102453102,0.833627797408716,0.887109375
"X1D04",0.565489934166587,0.800948000381896,0.574800702113655,0,0.777282651845971,0.755599800895968,0.771542340397819,0.738188244047619,0.772831275720165,0.812379479716209,0.821264744429882,0.799532710280374,0.752957778279521,0.848657032387057,0.81225,0.795413324032089,0.682828876481536,0.70891438658429,0.719746429086712,0.689508437270726,0.880535470001954,0.852879801982396,0.868447365929853,0.901583678922319,0.92725548144894,0.911870808929632,0.920811448172366,0.905520355655127,0.919419306184012,0.917717509465082,0.927911275415896,0.892045454545455,0.912555723143958,0.937539813268702,0.926870536785994,0.888978206502322,0.878874178258048,0.885275280568776,0.882908547331768,0.889375731864166,0.880252100840336,0.933913043478261,0.900948256717744,0.913836244781367,0.919570981344237,0.924890772403861,0.878449235179841,0.926160337552743,0.928720860729229,0.927762003427724,0.92462757899293,0.940325497287523,0.943594394546678,0.947265423833556,0.933656865435034,0.924064599085192,0.906614785992218,0.92094861660079,0.892856535467888,0.631345029239766,0.56608057755007,0.666666666666667,0.683544303797468,0.844637722829212,0.804012796048939,0.856156437720497,0.840839769637189,0.839009287925697,0.904992641298929,0.892966360856269,0.907833883907504,0.827626329787234,0.91421568627451,0.812409162818814,0.740873967492673,0.86444009076593,0.568888888888889,0.82666908563135,0.859815944214921,0.804309144360204,0.905666350110795,0.86535138620245,0.905483653081457,0.87131440770873,0.885593220338983,0.931634897360704,0.929411565317606,0.920750500527527,0.912087695431872,0.918528111617627,0.934039955604884,0.92332268370607,0.920562108635503,0.875555555555556,0.899626865671642,0.86122035858878,0.891400491400491
"X1G01",0.771201083403381,0.788627501314068,0.75406746031746,0.777282651845971,0,0.556627009945162,0.582214082214082,0.553398058252427,0.779507481049331,0.779094438425424,0.800510204081633,0.783639654692286,0.776444752658345,0.827727529677784,0.783410138248848,0.79392553271591,0.698902500289833,0.698499696908466,0.730593607305936,0.716774254794,0.883133863579973,0.861835963464454,0.873988733453475,0.839219513880491,0.884024341881633,0.882134614116457,0.864356993400934,0.860249485596708,0.89937106918239,0.910569105691057,0.897160290110902,0.857433808553972,0.886670132411853,0.919469182784731,0.907707773937845,0.871581473508479,0.851851851851852,0.871428364095512,0.864915561600363,0.88748431387023,0.876059398118222,0.924778178810437,0.881226308779838,0.884200851393189,0.878441525637787,0.900934579439252,0.809788223140496,0.910713840849414,0.911632202549894,0.919006872483472,0.911255411255411,0.919584864044228,0.923771237253624,0.936652110877145,0.917192664744356,0.892925430210325,0.873481681829358,0.896909978566325,0.843337424986361,0.75,0.755144381404014,0.737526996364034,0.760593981182216,0.7591689234025,0.625,0.750962601755999,0.678980370774264,0.811353044796753,0.868699555987137,0.856666666666667,0.865979381443299,0.818714000838732,0.867014115535248,0.774447391688771,0.695814755083325,0.804734188247012,0.76517094017094,0.802446274952669,0.863862055403977,0.811594202898551,0.881278538812785,0.78714859437751,0.853092783505155,0.804966100202518,0.830881822770207,0.908466339910351,0.921428571428571,0.89731607955907,0.901639344262295,0.914323808977649,0.924223901607765,0.893835616438356,0.9059397289002,0.842857142857143,0.857732081504915,0.798283261802575,0.852298850574713
"X1G02",0.752727272727273,0.744073981660533,0.714013086150491,0.755599800895968,0.556627009945162,0,0.507211705152209,0.468493150684932,0.755144381404014,0.76209614787201,0.780321445035832,0.778311965811966,0.768888888888889,0.828946810465461,0.775,0.762195928080381,0.640656097149604,0.680002370791845,0.680851063829787,0.649350649350649,0.858411306900855,0.845581261725267,0.845009078863424,0.828646618399269,0.877761797226326,0.852747960498068,0.853945406270459,0.837022670494346,0.875984251968504,0.882466281310212,0.879131148125691,0.834985768500949,0.863981355728633,0.903793331374853,0.88368020495818,0.850649350649351,0.817644887412329,0.851955985555159,0.836521020449958,0.865010053509865,0.858638823828697,0.907242757242757,0.86172462406015,0.849107595562373,0.851818731796979,0.877226003523581,0.76308698853157,0.891396854764107,0.894238867249184,0.896982702562102,0.883620689655172,0.904634072294564,0.912328451758555,0.923303760654673,0.904717260801897,0.88412457374254,0.847592104143623,0.877589971536632,0.822877960808995,0.745019920318725,0.724131855223552,0.727750700621421,0.758492500961415,0.693785491848324,0.561166762212232,0.705732413757274,0.637900932105545,0.768092888369476,0.852039188881294,0.84375,0.862016077850645,0.767537285184344,0.861689440249311,0.731432360742706,0.646629064366291,0.776506724462115,0.729283679283679,0.801104297807684,0.842568551083835,0.787825445218738,0.876263540877811,0.745318352059925,0.822580049261084,0.751655629139073,0.794121260519688,0.895489909428509,0.90296132740202,0.877581480353335,0.883075816102401,0.888888888888889,0.908779435249128,0.887096774193548,0.891894087069526,0.802661080953505,0.827326938034742,0.755952755905512,0.841159391269523
"X1G03",0.76391223568964,0.786419963897156,0.7074720959074,0.771542340397819,0.582214082214082,0.507211705152209,0,0.511848341232227,0.739034243939977,0.762140499764262,0.759388844140153,0.757093815373062,0.744370161857847,0.81419778916902,0.746980255516841,0.736476608187134,0.641508438818565,0.68214968914395,0.663636363636364,0.638895455033845,0.883031301482702,0.866233629806009,0.875222816399287,0.853069827635427,0.891253504705327,0.878336397362366,0.872268867474478,0.862549800796813,0.889335568078767,0.895937131630648,0.891944990176817,0.866995542509241,0.88449941209144,0.917131211180124,0.901697866087401,0.874494484570961,0.85077402171994,0.877323420074349,0.864242224781965,0.879956331877729,0.875264270613108,0.914875746372925,0.875976347909467,0.871341244496514,0.872659176029963,0.895497233263191,0.796088622511491,0.900641098817803,0.900669726279282,0.90551073500086,0.891769873711183,0.911570947141866,0.919843520670254,0.930541296273111,0.912225680933852,0.897361359570662,0.865657752963072,0.892417236759771,0.841768744110917,0.770352284618068,0.737254901960784,0.764185110663984,0.777776870837143,0.735827202458558,0.624045579063939,0.75515518707483,0.689788826516974,0.774519349075075,0.86058881030418,0.845790325844971,0.862419018646837,0.782164842681259,0.861003630774123,0.78079688194192,0.685431562434006,0.8,0.725837588740815,0.814522031913336,0.842090802939762,0.809187279151943,0.872767145135566,0.773427363343561,0.849180275170374,0.773038616110432,0.811594202898551,0.898454251296246,0.903986815668868,0.884012539184953,0.891447368421053,0.900268817204301,0.91183879093199,0.888695315524584,0.897103114229826,0.816037735849057,0.838830494140389,0.766685205784205,0.840585803377479
"X1G04",0.727922077922078,0.759580518443375,0.700933534574319,0.738188244047619,0.553398058252427,0.468493150684932,0.511848341232227,0,0.74023377891717,0.751055152885865,0.77411187060749,0.76036866359447,0.745185253118122,0.805195252258207,0.774511311730056,0.757507073045267,0.631577747378021,0.660003160556258,0.672199170124481,0.646941223510596,0.856115015974441,0.843329806675002,0.853345752805417,0.824278203117794,0.871439579580092,0.860129703789646,0.851817236459891,0.843023255813954,0.876968625992063,0.887218045112782,0.879953154892811,0.844846609064466,0.865853658536585,0.905479452054794,0.883959044368601,0.855769230769231,0.827356767170313,0.857015077945311,0.85051176649102,0.858333333333333,0.858291514137717,0.902065006511282,0.86203235961637,0.852742991079155,0.855595420817488,0.878260869565217,0.770557607739666,0.887965517241379,0.88946807585247,0.894953739071386,0.882476260944629,0.901996370235935,0.910664451827243,0.919765166340509,0.896383754808023,0.888988272709203,0.852251141272711,0.882526644888158,0.828124729119834,0.7425796937751,0.706766917293233,0.723549488054608,0.74570049722141,0.700234192037471,0.590988779803647,0.71844362745098,0.65770811921891,0.771823385885886,0.85162807483207,0.846042039355993,0.855591994212684,0.76986301369863,0.847478244029968,0.751237654094062,0.655737378563465,0.8,0.712436946994129,0.799653979238754,0.849148508961107,0.801282380624544,0.869145543058587,0.751350544113446,0.826085434173669,0.768036421920017,0.8,0.888888888888889,0.896336623588074,0.869255543168587,0.878790106214855,0.885,0.9,0.87962962962963,0.880595950955232,0.811567301330589,0.842657342657343,0.786793205654355,0.84453781512605
"X1P01",0.758492500961415,0.815573253158601,0.697109407376709,0.772831275720165,0.779507481049331,0.755144381404014,0.739034243939977,0.74023377891717,0,0.592391304347826,0.568621295831241,0.631284916201117,0.620663437711196,0.677840112201964,0.602527945851707,0.604313319530711,0.705883805134957,0.730862841388817,0.691964285714286,0.701462742773458,0.908137106702613,0.901609703020993,0.905821917808219,0.87241330098473,0.90976113757355,0.909025223331582,0.881915394505713,0.892053730377084,0.884060456640583,0.910938929122996,0.887393746711428,0.897488099158708,0.901307026307026,0.927736092163104,0.920552677029361,0.893140858505564,0.863593882752761,0.894980872839432,0.896289048343843,0.859183880995962,0.857142857142857,0.902243022529972,0.855519430092051,0.880105002776516,0.880459521751657,0.900811461280775,0.825035149512255,0.859749310864929,0.859566950162291,0.879639096983195,0.853465837141441,0.88172158091889,0.896958130927597,0.905100306584911,0.876395357433282,0.889829606719255,0.862,0.897515261677756,0.833333333333333,0.799621212121212,0.76199327314569,0.779287279437204,0.807089361306229,0.81706002096098,0.796981981981982,0.83796832415108,0.78937969924812,0.66548029182288,0.795517327975892,0.751325121313923,0.76950747094632,0.696511499336577,0.815648747537292,0.813199563199563,0.762077882178243,0.819203268641471,0.735293212961966,0.812843406593407,0.830881822770207,0.785849506042826,0.855263157894737,0.793036099137931,0.861729765331512,0.802675585284281,0.822106042379939,0.852193207031917,0.846578638016348,0.825732173174873,0.842880102860816,0.862691230338289,0.866753206594214,0.817555397558952,0.848740730692711,0.817145769622834,0.852771683486909,0.799188557508723,0.815727189296237
"X1P02",0.78916726532567,0.824603881075307,0.7875,0.812379479716209,0.779094438425424,0.76209614787201,0.762140499764262,0.751055152885865,0.592391304347826,0,0.652434261910961,0.695906432748538,0.652817893624516,0.692876116879981,0.638520663918904,0.687184343434344,0.761803444782168,0.741116751269036,0.737208195409013,0.762307268722467,0.911184210526316,0.90372330750482,0.901857585139319,0.878331992491284,0.91499227202473,0.911060834590246,0.877938417393224,0.882649201175098,0.874348481873516,0.903161242050131,0.883723309353696,0.882647435226697,0.895604124768327,0.919220055710306,0.910325337744693,0.895560100419859,0.864107133632936,0.888888888888889,0.893763323997826,0.855477412061394,0.863834536474164,0.907148768880612,0.866822429906542,0.892307919118322,0.88519982860003,0.902621722846442,0.833333333333333,0.853046308456575,0.851764705882353,0.877964482409801,0.852206459093544,0.874743257206723,0.882352941176471,0.899560413854274,0.873501065478497,0.876802617133023,0.857297130515273,0.889720449042483,0.828042328042328,0.817021276595745,0.806835488156573,0.807179670722978,0.824484488822951,0.833907281243347,0.780622342274879,0.841646350564705,0.780662464056625,0.673077776627066,0.767441860465116,0.716505264428153,0.717131474103586,0.720191510445105,0.792264998316871,0.809018567639257,0.759076269945835,0.788731253846403,0.801587301587302,0.799144908735451,0.820852402745995,0.787995198079232,0.812031964617782,0.790123456790124,0.856020942408377,0.814508781121159,0.815663265306122,0.834170854271357,0.841267341700392,0.810903687192347,0.824817518248175,0.853868194842407,0.862585527679867,0.789272030651341,0.840502621029911,0.78608630952381,0.810811979112633,0.787948610529256,0.781514980214811
"X1P03",0.808,0.870573677619417,0.742670744138634,0.821264744429882,0.800510204081633,0.780321445035832,0.759388844140153,0.77411187060749,0.568621295831241,0.652434261910961,0,0.639230615107193,0.571428571428572,0.75,0.620689655172414,0.640334462068556,0.732875284108681,0.769843491894616,0.683366761379464,0.726391626771801,0.935562475878681,0.92732535207564,0.931034428843929,0.915026644689465,0.937542869786481,0.931952513813666,0.912609904635087,0.920476822867261,0.908796886058033,0.928867846710518,0.921348009750885,0.920445693977898,0.924543444683364,0.947480456157318,0.93597884286337,0.923013458256866,0.896688560481664,0.925287356321839,0.921891507819591,0.895786367401118,0.904658609647764,0.928504170029594,0.89069846714894,0.913871735685021,0.916981132075472,0.92952380952381,0.874472775310764,0.899769554667049,0.898919153868444,0.905362251001196,0.895783965244866,0.909819993571199,0.924449024892976,0.926585003711953,0.908496732026144,0.921740559273423,0.898842530880654,0.915847971100365,0.881109435858776,0.853390804597701,0.822173973945931,0.844323671497584,0.871519753494002,0.861143790849673,0.834558823529412,0.886138613861386,0.837037037037037,0.741138098542679,0.858545197740113,0.810963407661521,0.822052042160738,0.762205052832287,0.875169376693767,0.873697775366251,0.81139172072907,0.844310135867832,0.750545851528384,0.851611649766857,0.858726357160403,0.858195386702849,0.861620294599018,0.843621399176955,0.896556093714801,0.844891896572395,0.84375,0.859459459459459,0.865853658536585,0.865240372514473,0.875692344740856,0.893648216997434,0.90236900780379,0.85,0.876838632922345,0.826815642458101,0.86881536977969,0.806451612903226,0.824514744307577
"X1P04",0.78586125808348,0.852939939308356,0.744888205469205,0.799532710280374,0.783639654692286,0.778311965811966,0.757093815373062,0.76036866359447,0.631284916201117,0.695906432748538,0.639230615107193,0,0.65775666477595,0.654255319148936,0.628656971770744,0.587698887938409,0.737710319377938,0.755445075757576,0.73809390486323,0.730769230769231,0.924127494534121,0.916110505270811,0.926828073886897,0.905871050235926,0.929339477726574,0.930146040974529,0.915330034299479,0.920283921952014,0.918238993710692,0.933333333333333,0.924062256809339,0.920972563253977,0.923809523809524,0.949274936147332,0.938906518620012,0.920133111480865,0.89634395804664,0.917534703501621,0.913480535043399,0.895182597889773,0.895439691027926,0.931753493186131,0.898126206775496,0.918845741047907,0.921153554561962,0.929321291735085,0.873239436619718,0.904308686091259,0.900234774126348,0.918672769839687,0.898795180722892,0.914892830746489,0.922835532668169,0.929288601699614,0.909294543776213,0.915850822103097,0.901041779707,0.922173414820474,0.870571681034803,0.805930930930931,0.780701754385965,0.797664485641585,0.802721438268811,0.865584841191387,0.833969549063889,0.877733381043257,0.826745671302867,0.756899505138942,0.85613875887541,0.8025278536893,0.79423624288425,0.784038800705467,0.86471027688285,0.855824181981174,0.798009639557413,0.836065573770492,0.777292576419214,0.840954840669984,0.857924641148325,0.829740454740455,0.875982167734745,0.849223205506391,0.902374670184697,0.858658170914543,0.844086021505376,0.870163383722706,0.881187652926783,0.875432857639263,0.886792452830189,0.902941176470588,0.90612178395272,0.854931896422691,0.881918819188192,0.836400133824021,0.880436426896604,0.817303469477383,0.836111882930444
"X1S01",0.750527426160337,0.84898421141984,0.689193302891933,0.752957778279521,0.776444752658345,0.768888888888889,0.744370161857847,0.745185253118122,0.620663437711196,0.652817893624516,0.571428571428572,0.65775666477595,0,0.728771695594125,0.662920284135754,0.636363636363636,0.683035714285714,0.70184917010137,0.681705110809588,0.6682930312262,0.923390332162537,0.911320754716981,0.920173540906492,0.909410999628391,0.937453150296068,0.93007473302053,0.915125035521455,0.919920653086137,0.915288894580692,0.933801337614989,0.923847389558233,0.912263123156078,0.9207990250297,0.94059394055793,0.937832841170087,0.915651492109265,0.890763677961422,0.909441233140655,0.912162590706438,0.891953451993405,0.898047722342733,0.934845966153934,0.894067980552179,0.920385998003564,0.920784080722163,0.93081218187699,0.878910068426197,0.905360913753108,0.90822392725206,0.915540334855403,0.903298296484233,0.91561664973091,0.923236184105749,0.930957683741648,0.910527482269504,0.919475373042731,0.899482786765527,0.920168067226891,0.87467362924282,0.797235023041475,0.757767489711934,0.802260087395721,0.808699763593381,0.853209995422185,0.816855470847203,0.875758439307045,0.823537365296989,0.755452981576079,0.856562660221197,0.818679549114332,0.79507145738489,0.763147295742233,0.861333333333333,0.841836734693878,0.782777216043141,0.834646401985112,0.691588785046729,0.851684263448969,0.853017360154313,0.844857709940736,0.868686868686869,0.853954774365557,0.903770968614719,0.853989392367116,0.848484848484848,0.875917854943389,0.882360185341974,0.878127787689563,0.879218091416168,0.895126656308374,0.908622814806961,0.856074583473107,0.879929328621908,0.833333333333333,0.865389884377226,0.807017543859649,0.823218371560913
"X1S02",0.825640516153163,0.840500709227122,0.815296247302096,0.848657032387057,0.827727529677784,0.828946810465461,0.81419778916902,0.805195252258207,0.677840112201964,0.692876116879981,0.75,0.654255319148936,0.728771695594125,0,0.646927311538029,0.589323398940523,0.810313950017638,0.805434934864827,0.817637041321252,0.800804910439543,0.919230987729132,0.908362042760158,0.91433311844544,0.881458779120797,0.916003717550109,0.923236967015055,0.898936049801924,0.899525976079581,0.913127413127413,0.932638288677615,0.911873246467115,0.90782190716644,0.91384366763918,0.934592171942244,0.928873784737159,0.913178294573644,0.888888888888889,0.90325523899223,0.912032603684036,0.873376501677381,0.882956878850103,0.922938820604889,0.870689655172414,0.908485654148665,0.909965796447599,0.923011064278188,0.863813779458674,0.870968939671475,0.863892431972789,0.904612666150925,0.876503865375978,0.884360085676499,0.89815783531537,0.908625139155956,0.884190669371197,0.892436332202939,0.888561001894698,0.916097481115984,0.852539926289926,0.832684824902724,0.806793443462671,0.813333333333333,0.815592214745677,0.858378449138358,0.832261390666952,0.85977079544974,0.824214279426006,0.730516194331984,0.800255754475703,0.743103120243531,0.716095487246566,0.758270109992049,0.806324385129224,0.830507878240575,0.818337484433375,0.842676985935413,0.842857142857143,0.842300799558864,0.883928571428571,0.83248385027718,0.85591369994819,0.852375831293728,0.885227123578613,0.866980836305208,0.870689655172414,0.865936147186147,0.847395228884591,0.852722391162092,0.858536765950245,0.87878608942118,0.874846437346437,0.799295774647887,0.865599385245902,0.845823704192803,0.872262773722628,0.846297896859695,0.85
"X1S03",0.79622641509434,0.83216143537295,0.766666666666667,0.81225,0.783410138248848,0.775,0.746980255516841,0.774511311730056,0.602527945851707,0.638520663918904,0.620689655172414,0.628656971770744,0.662920284135754,0.646927311538029,0,0.592874164637621,0.753061428500025,0.774045969647219,0.730855467402553,0.751616031027796,0.918318288854003,0.913407414343832,0.915880934269726,0.888885431673144,0.916731542466371,0.914801399627989,0.894232174167154,0.897187100173102,0.895348317419447,0.919796382889235,0.900584417558366,0.898121964593451,0.907680269652101,0.930768388042124,0.921691979594086,0.905402535946126,0.877856015779093,0.909006421088205,0.903129173133143,0.866819792831375,0.865806342780027,0.911843871637985,0.871688288440073,0.89179354544863,0.892592592592593,0.911023911668454,0.838883214888577,0.864326765188834,0.864643487546035,0.888280260278706,0.863244853867563,0.881048387096774,0.89307463825833,0.904034782277783,0.875523342384164,0.895495495495495,0.870934690639873,0.900309301873558,0.850126903553299,0.823063909180027,0.797252858051406,0.811617295125671,0.835341365461847,0.837126696245557,0.806957047791893,0.850833119712894,0.802893545770871,0.683281596452328,0.801724493925454,0.744143313508038,0.750471698113207,0.711756285785412,0.816825740503439,0.833333333333333,0.781822514031558,0.822939956579502,0.785577449370553,0.828342629482072,0.852663220192285,0.806154088711373,0.865605796379339,0.820864402312927,0.866497893507944,0.815199751801823,0.841844710786868,0.854320144411377,0.848198587692751,0.834173251324414,0.850074344260391,0.855739878995237,0.869909095932803,0.812043406388311,0.85,0.827751196172249,0.85140562248996,0.802207360445338,0.821240601503759
"X1S04",0.779659213438511,0.835642503014873,0.733469945355191,0.795413324032089,0.79392553271591,0.762195928080381,0.736476608187134,0.757507073045267,0.604313319530711,0.687184343434344,0.640334462068556,0.587698887938409,0.636363636363636,0.589323398940523,0.592874164637621,0,0.70362624572634,0.751207842221963,0.712326765737185,0.718551056786351,0.915427554901239,0.910081842782655,0.917491749174917,0.887652427172854,0.917159763313609,0.914039408866995,0.894625877543766,0.905729807298073,0.900796137408014,0.919152541116104,0.904306132465953,0.905570535867146,0.907933427165231,0.932739179117138,0.92354863106943,0.907013338632356,0.877258899793576,0.904676258992806,0.903883027264245,0.873893805309734,0.87812521702896,0.912925957326095,0.871963732969363,0.898423506318243,0.904022273918391,0.913238984048954,0.85435865167323,0.879095032331219,0.877171215880893,0.897295629243113,0.874862637362637,0.8907757088582,0.90246227565372,0.91113406795225,0.89005245936154,0.894930935095304,0.879275653923541,0.90518038852914,0.854480364504231,0.827725490196078,0.764482218743011,0.802367255627083,0.835317741554453,0.84051724137931,0.821310312204352,0.865022594511187,0.815308879881277,0.708471302428256,0.825164707039207,0.773490990990991,0.76936715766503,0.724929770089451,0.832901528321263,0.839564488527224,0.778764222344745,0.822969669405043,0.754410765047584,0.836734131901418,0.863632199702279,0.816729406694805,0.866666666666667,0.844604893702367,0.888484684642328,0.838302277432712,0.847926267281106,0.86036036036036,0.858658170914543,0.857594936708861,0.866011640946227,0.873972602739726,0.883894500561167,0.840677966101695,0.863333333333333,0.826969696969697,0.868819863201886,0.79555573810893,0.843586976074834
"X1W01",0.661537778698347,0.75417661097852,0.588593521837249,0.682828876481536,0.698902500289833,0.640656097149604,0.641508438818565,0.631577747378021,0.705883805134957,0.761803444782168,0.732875284108681,0.737710319377938,0.683035714285714,0.810313950017638,0.753061428500025,0.70362624572634,0,0.565305429864253,0.537216548381513,0.486540318686625,0.879906001927281,0.865943444223794,0.88103188116893,0.875917127896685,0.906601449146708,0.891186538446942,0.891974459184235,0.887142720188449,0.905640520896426,0.909258948075954,0.910636564087815,0.889198362612997,0.892184829596863,0.92922695726434,0.916459072248443,0.864673401673847,0.841856335754641,0.869644810573081,0.858854118776882,0.874349112685827,0.861278447121821,0.914603505331536,0.880001418684968,0.88255033557047,0.889679715302491,0.908304223800672,0.828679933259034,0.912372448979592,0.909475561282828,0.915915831663327,0.908070981210856,0.91946934261519,0.928571428571429,0.940716877031215,0.922928709055877,0.897146716392933,0.868344981178482,0.893983184445612,0.847800022621875,0.69599358974359,0.61849882674429,0.685217896290561,0.716764679675666,0.781181619256017,0.734301722349035,0.818079673135853,0.773921098517873,0.758409785932722,0.87170233446251,0.868642103010415,0.878231639465875,0.758333333333333,0.877130770187881,0.75615763546798,0.621219732743896,0.808695073557878,0.6,0.81395974875016,0.858369098712446,0.787563839434872,0.893068887634105,0.83671624143647,0.878534750849787,0.810047714815253,0.857142857142857,0.924151394422311,0.917851295771273,0.903713017527382,0.901449275362319,0.909319323892188,0.922989708703994,0.909909097467715,0.909090909090909,0.842011246575562,0.860504666983072,0.772810522810523,0.868478412499128
"X1W02",0.709940750493746,0.806138427810836,0.670279051987768,0.70891438658429,0.698499696908466,0.680002370791845,0.68214968914395,0.660003160556258,0.730862841388817,0.741116751269036,0.769843491894616,0.755445075757576,0.70184917010137,0.805434934864827,0.774045969647219,0.751207842221963,0.565305429864253,0,0.619651930894309,0.567895815042435,0.902155887230514,0.884191176470588,0.898049492094532,0.892267512077295,0.922287222949628,0.909222956865161,0.907544953465257,0.902152641878669,0.924213651231649,0.925096631799718,0.919764859068627,0.902462342023038,0.910798122065728,0.941948831984595,0.934130246393105,0.889069851610568,0.871992974343012,0.885850739254729,0.882643473795194,0.890909090909091,0.88272921108742,0.93081354178015,0.900224243429818,0.911467931654267,0.908755725917166,0.923636363636364,0.859632554945055,0.918342010412495,0.917686216283098,0.927290376464944,0.916219022566801,0.930339350443542,0.936584102610974,0.946986336907644,0.927770830918034,0.910711193568336,0.889781843483956,0.917864476386037,0.871127435324178,0.7120202394175,0.682334183673469,0.711068863540346,0.721378962697435,0.821915665665666,0.742647058823529,0.835201317990065,0.784167540351286,0.795821830701945,0.882051282051282,0.86776823377702,0.870907905653668,0.81085253317509,0.878670425182053,0.78266560437059,0.675087846843572,0.829457364341085,0.700220264317181,0.816326530612245,0.842888424405295,0.814478764478765,0.880632459202728,0.836250950570342,0.894736842105263,0.853331258129426,0.866666666666667,0.920186034209134,0.919207946336429,0.906155303030303,0.901311853911948,0.917355371900826,0.925608892538575,0.896436397186022,0.912092992536821,0.838867033831629,0.879381677654012,0.813008130081301,0.860103626943005
"X1W03",0.706573505919589,0.791717110573043,0.639307706661691,0.719746429086712,0.730593607305936,0.680851063829787,0.663636363636364,0.672199170124481,0.691964285714286,0.737208195409013,0.683366761379464,0.73809390486323,0.681705110809588,0.817637041321252,0.730855467402553,0.712326765737185,0.537216548381513,0.619651930894309,0,0.541871921182266,0.896296226046996,0.883701154283529,0.896906912137647,0.888324553366926,0.914327917282127,0.903086488469991,0.895236218003279,0.896518049568966,0.910455769503331,0.918811881188119,0.914993978321959,0.896152423233444,0.902097842991412,0.934871099050203,0.925021738998243,0.882071661535648,0.857857715430862,0.884930643127364,0.874045801526718,0.882994561490847,0.881865158114482,0.920433736200492,0.884236956585209,0.895758393285372,0.901697866087401,0.918968984527155,0.846357676325247,0.911515168048887,0.913939952144024,0.916753291753292,0.907692307692308,0.923874289308443,0.933206106870229,0.936234485924614,0.922458840807848,0.907858401880141,0.883218399660978,0.90650406504065,0.865266368392744,0.752586594691858,0.703703703703704,0.738341669130977,0.770662568306011,0.814109124475749,0.764407441881845,0.843971631205674,0.797621251388375,0.76559052999731,0.874525924525924,0.863492063492063,0.882352643817612,0.754411917367383,0.879012345679012,0.789073904225498,0.681018107172401,0.841034577012437,0.646680117388114,0.823754789272031,0.868062254807383,0.81028107904169,0.893711165505555,0.835820895522388,0.885608454079965,0.821939136588818,0.861751152073733,0.906666666666667,0.911563602707237,0.899109007746609,0.901613322924798,0.904451024338755,0.917859673990078,0.892916865742953,0.901987942756263,0.855852931030984,0.867924528301887,0.809917355371901,0.868556928508385
"X1W04",0.691119691119691,0.781107422653034,0.617654850845123,0.689508437270726,0.716774254794,0.649350649350649,0.638895455033845,0.646941223510596,0.701462742773458,0.762307268722467,0.726391626771801,0.730769230769231,0.6682930312262,0.800804910439543,0.751616031027796,0.718551056786351,0.486540318686625,0.567895815042435,0.541871921182266,0,0.897862688453552,0.885942747781273,0.895762407527113,0.889724233812206,0.922189890480552,0.906272481920897,0.910114822546973,0.901210195953038,0.921004256965944,0.921175120694508,0.92349396590362,0.899082568807339,0.907114344983656,0.9382876217654,0.929765689885152,0.8798418221449,0.860058176872804,0.888487209837575,0.869888475836431,0.895811602898417,0.886457092958641,0.935021367521368,0.900423919096118,0.907500520869505,0.911866838464421,0.930374185729435,0.85958167989418,0.925310881832621,0.927139097073519,0.928997823442801,0.920584381551363,0.934046345811052,0.94512767084837,0.95238401136647,0.9375,0.915781382144238,0.892858207731413,0.918582628611698,0.873959393733741,0.710807265723584,0.650978220745663,0.702501542575072,0.71690615251875,0.804494382022472,0.750415282392026,0.840548044736227,0.802610287855561,0.781444471926787,0.891696594068582,0.878462062892367,0.886642742067741,0.777625152625153,0.896134659704192,0.775126262626263,0.66728855721393,0.83505227715754,0.632993197278912,0.837123169681309,0.866962633381895,0.8218499932185,0.902391387195122,0.843241031768709,0.900113378684807,0.840557898773006,0.874458874458874,0.931451612903226,0.930693069306931,0.916075678826444,0.919161676646707,0.927664688408179,0.938636363636364,0.919753086419753,0.924585047137189,0.866234094852516,0.878051151205881,0.807179670722978,0.883928571428571
"X2D01",0.865533230293663,0.75532508032508,0.874605330464078,0.880535470001954,0.883133863579973,0.858411306900855,0.883031301482702,0.856115015974441,0.908137106702613,0.911184210526316,0.935562475878681,0.924127494534121,0.923390332162537,0.919230987729132,0.918318288854003,0.915427554901239,0.879906001927281,0.902155887230514,0.896296226046996,0.897862688453552,0,0.621380892941409,0.60353025113103,0.711717452801181,0.686195146175928,0.627451700372839,0.722683335629334,0.636929825736111,0.722071552810712,0.717608175836286,0.676390231329338,0.677112414612415,0.678296249045265,0.697520745452029,0.675274661153994,0.653563580604656,0.672578840881298,0.652786598347346,0.659400423575444,0.814890688259109,0.802932677288347,0.81371870094768,0.814239631336406,0.711717452801181,0.74224236432964,0.741873713849101,0.758854422213742,0.847278607196963,0.864534638716569,0.827703984819734,0.846249165951768,0.851829540383757,0.852528891001456,0.852113022475613,0.839006149734594,0.803238701467701,0.779937106918239,0.812775078190436,0.816783216783217,0.861338230597253,0.859581717918463,0.847514547044059,0.870598463990726,0.734020965279562,0.815831987075929,0.738245863592124,0.802736806074185,0.866518878842991,0.844155771343993,0.891753158722412,0.899408154510195,0.847271104894891,0.838003663003663,0.783005878407701,0.833596220397216,0.850793650793651,0.877742946708464,0.863013609682614,0.902415033508963,0.842312474098632,0.914521825856008,0.835955734958948,0.777538521999705,0.797287518918065,0.883819799962078,0.924101974709471,0.901090408818384,0.87416648550805,0.888389490411549,0.863344572688367,0.865046987688497,0.895375224168851,0.886075823035228,0.906145134228188,0.881163697774246,0.872756551017421,0.908641938508398
"X2D02",0.836151330412142,0.758209247823491,0.855098389982111,0.852879801982396,0.861835963464454,0.845581261725267,0.866233629806009,0.843329806675002,0.901609703020993,0.90372330750482,0.92732535207564,0.916110505270811,0.911320754716981,0.908362042760158,0.913407414343832,0.910081842782655,0.865943444223794,0.884191176470588,0.883701154283529,0.885942747781273,0.621380892941409,0,0.630234043496307,0.752544545737077,0.736714459253683,0.697885540532251,0.754838709677419,0.678002291209838,0.724112761137679,0.731654524337451,0.702369730295889,0.701223204177017,0.703358338838257,0.730029348405557,0.690993826413267,0.679818417639429,0.69540959040959,0.68230128549664,0.664441367632923,0.828511655708308,0.802089000108802,0.826911350132973,0.83141196013289,0.745528325291933,0.76370980754562,0.760677514248943,0.781248855520967,0.865661348817107,0.876627769321833,0.842827851087968,0.856051240081956,0.868821133966796,0.860841499872642,0.857142857142857,0.854447199440524,0.817186140753072,0.806826018078464,0.821115152173126,0.826938146898285,0.835059003341153,0.831969917964084,0.82145951968309,0.831498406600306,0.747445168357811,0.810906103605973,0.753076952207832,0.806594164439374,0.873158677221039,0.851239585450112,0.892437786768528,0.914100260580843,0.852193207031917,0.847957941187241,0.782377447870406,0.819718028519328,0.854997371780431,0.858028638385264,0.859430959958201,0.898121404250323,0.831193675678558,0.9106463878327,0.843459972862958,0.789147286821705,0.821552574941438,0.887566871408758,0.923222770960484,0.908614336622142,0.880391315631968,0.896212483169005,0.869434305322014,0.875089155037002,0.899339933993399,0.899180272794463,0.900289802918702,0.875565379307613,0.870453199611939,0.906820111484366
